7 0.328125 0.409375 0.17708333333333334 0.09583333333333334
5 0.7114583333333333 0.3927083333333333 0.16354166666666667 0.08125
15 0.22083333333333333 0.8447916666666667 0.21770833333333334 0.16354166666666667
4 0.5322916666666667 0.3145833333333333 0.14895833333333333 0.09270833333333334
20 0.525 0.425 0.20520833333333333 0.09895833333333333
6 0.2708333333333333 0.5375 0.165625 0.07604166666666666
2 0.7479166666666667 0.8354166666666667 0.28229166666666666 0.10729166666666666
10 0.48854166666666665 0.6666666666666666 0.165625 0.059375
8 0.5020833333333333 0.7729166666666667 0.20104166666666667 0.13020833333333334
3 0.25729166666666664 0.6302083333333334 0.25104166666666666 0.07083333333333333
1 0.715625 0.47604166666666664 0.14791666666666667 0.05520833333333333
14 0.33229166666666665 0.3333333333333333 0.15104166666666666 0.06041666666666667
12 0.5041666666666667 0.578125 0.14791666666666667 0.057291666666666664
18 0.34270833333333334 0.265625 0.175 0.078125
9 0.525 0.221875 0.14166666666666666 0.06770833333333333
0 0.7395833333333334 0.565625 0.246875 0.10104166666666667
11 0.21666666666666667 0.7135416666666666 0.20520833333333333 0.06770833333333333
19 0.503125 0.49375 0.103125 0.042708333333333334
17 0.7427083333333333 0.6885416666666667 0.24166666666666667 0.14791666666666667
13 0.7 0.27708333333333335 0.13645833333333332 0.059375