15 0.7614583333333333 0.3104166666666667 0.22708333333333333 0.20208333333333334
6 0.196875 0.296875 0.19479166666666667 0.16145833333333334
2 0.6989583333333333 0.8510416666666667 0.11770833333333333 0.26666666666666666
10 0.4354166666666667 0.553125 0.103125 0.17916666666666667
8 0.6364583333333333 0.6020833333333333 0.184375 0.178125
3 0.378125 0.28958333333333336 0.13125 0.30416666666666664
12 0.25104166666666666 0.5677083333333334 0.11875 0.16458333333333333
0 0.17708333333333334 0.8447916666666667 0.1875 0.28020833333333334
11 0.5625 0.2916666666666667 0.10208333333333333 0.19791666666666666
19 0.06979166666666667 0.559375 0.12604166666666666 0.15416666666666667
17 0.4197916666666667 0.8364583333333333 0.25416666666666665 0.26979166666666665