15 0.371875 0.30833333333333335 0.15625 0.27708333333333335
13 0.225 0.359375 0.09479166666666666 0.2635416666666667
20 0.23125 0.6979166666666666 0.13541666666666666 0.3104166666666667
3 0.40520833333333334 0.7125 0.08541666666666667 0.4270833333333333
14 0.50625 0.7104166666666667 0.08125 0.2760416666666667
5 0.6729166666666667 0.6947916666666667 0.12708333333333333 0.3125
2 0.9052083333333333 0.6822916666666666 0.11770833333333333 0.46979166666666666
11 0.9010416666666666 0.346875 0.196875 0.11875
10 0.7197916666666667 0.14479166666666668 0.15833333333333333 0.1
19 0.8958333333333334 0.18125 0.1375 0.11770833333333333
9 0.7177083333333333 0.3375 0.13229166666666667 0.23229166666666667
1 0.5083333333333333 0.3229166666666667 0.08229166666666667 0.23958333333333334