15 0.6791666666666667 0.21041666666666667 0.18645833333333334 0.18541666666666667
8 0.45729166666666665 0.14166666666666666 0.165625 0.16145833333333334
1 0.21979166666666666 0.20416666666666666 0.165625 0.08541666666666667
14 0.225 0.35520833333333335 0.15729166666666666 0.08333333333333333
6 0.4239583333333333 0.38125 0.128125 0.14166666666666666
12 0.678125 0.4083333333333333 0.15729166666666666 0.096875
12 0.228125 0.5427083333333333 0.203125 0.20520833333333333
11 0.5114583333333333 0.5645833333333333 0.146875 0.08333333333333333
19 0.6697916666666667 0.5614583333333333 0.11354166666666667 0.09375
2 0.475 0.6791666666666667 0.24166666666666667 0.11458333333333333
13 0.45729166666666665 0.8260416666666667 0.18541666666666667 0.11145833333333334
7 0.20833333333333334 0.78125 0.23958333333333334 0.2125
9 0.7125 0.7510416666666667 0.15729166666666666 0.16770833333333332
5 0.6958333333333333 0.9364583333333333 0.18645833333333334 0.12708333333333333