8 0.6447916666666667 0.12083333333333333 0.228125 0.12916666666666668
18 0.30416666666666664 0.19583333333333333 0.25729166666666664 0.13020833333333334
0 0.35520833333333335 0.03854166666666667 0.2864583333333333 0.07708333333333334
12 0.6572916666666667 0.2635416666666667 0.21145833333333333 0.10833333333333334
11 0.37916666666666665 0.32916666666666666 0.06979166666666667 0.15208333333333332
19 0.259375 0.32083333333333336 0.07708333333333334 0.10520833333333333
9 0.37916666666666665 0.47708333333333336 0.20729166666666668 0.11354166666666667
10 0.22604166666666667 0.47708333333333336 0.071875 0.14895833333333333
14 0.6510416666666666 0.3875 0.22083333333333333 0.08541666666666667
3 0.66875 0.53125 0.33229166666666665 0.10208333333333333
1 0.36770833333333336 0.63125 0.19895833333333332 0.06458333333333334
15 0.34479166666666666 0.759375 0.22708333333333333 0.134375
5 0.659375 0.6833333333333333 0.246875 0.146875
20 0.6739583333333333 0.89375 0.2760416666666667 0.14270833333333333