5 0.115625 0.5635416666666667 0.084375 0.13125
0 0.23958333333333334 0.5770833333333333 0.08958333333333333 0.18020833333333333
8 0.13229166666666667 0.35 0.08854166666666667 0.15625
12 0.225 0.353125 0.07291666666666667 0.16458333333333333
2 0.296875 0.3541666666666667 0.04791666666666667 0.23020833333333332
17 0.384375 0.3541666666666667 0.078125 0.19270833333333334
19 0.4510416666666667 0.590625 0.040625 0.08645833333333333
13 0.45729166666666665 0.4979166666666667 0.11145833333333334 0.07395833333333333
18 0.3614583333333333 0.5791666666666667 0.090625 0.15208333333333332
11 0.47604166666666664 0.3260416666666667 0.046875 0.1625
20 0.553125 0.5270833333333333 0.08333333333333333 0.1375
15 0.5729166666666666 0.3458333333333333 0.09166666666666666 0.14166666666666666
14 0.6489583333333333 0.32395833333333335 0.05 0.153125
1 0.6270833333333333 0.5114583333333333 0.040625 0.12291666666666666
6 0.6885416666666667 0.503125 0.06354166666666666 0.11875
3 0.7010416666666667 0.32395833333333335 0.05416666666666667 0.21354166666666666
10 0.7375 0.48333333333333334 0.03854166666666667 0.109375
9 0.7895833333333333 0.2989583333333333 0.08229166666666667 0.16041666666666668
7 0.8895833333333333 0.2916666666666667 0.10520833333333333 0.19270833333333334