0 0.16979166666666667 0.6791666666666667 0.1625 0.403125
18 0.3885416666666667 0.7479166666666667 0.18229166666666666 0.334375
19 0.56875 0.8072916666666666 0.14166666666666666 0.146875
10 0.771875 0.8614583333333333 0.19583333333333333 0.11770833333333333
11 0.5979166666666667 0.6229166666666667 0.221875 0.16666666666666666
9 0.7864583333333334 0.6520833333333333 0.14375 0.23958333333333334
1 0.9708333333333333 0.6864583333333333 0.057291666666666664 0.22604166666666667
2 0.6104166666666667 0.28020833333333334 0.09479166666666666 0.48854166666666665
5 0.853125 0.2604166666666667 0.19583333333333333 0.3885416666666667
12 0.49375 0.2604166666666667 0.11875 0.3104166666666667
8 0.3302083333333333 0.2833333333333333 0.18229166666666666 0.325
6 0.115625 0.24791666666666667 0.1625 0.228125