7 0.7447916666666666 0.80625 0.27395833333333336 0.28020833333333334
5 0.9041666666666667 0.215625 0.19166666666666668 0.24791666666666667
20 0.7854166666666667 0.521875 0.23333333333333334 0.25416666666666665
6 0.38125 0.8208333333333333 0.21354166666666666 0.196875
10 0.16041666666666668 0.5145833333333333 0.11875 0.17291666666666666
3 0.15 0.7979166666666667 0.15416666666666667 0.321875
1 0.6958333333333333 0.21145833333333333 0.12916666666666668 0.2
12 0.35625 0.5135416666666667 0.128125 0.19270833333333334
0 0.46770833333333334 0.2 0.21041666666666667 0.30833333333333335
11 0.0375 0.7979166666666667 0.075 0.20625
19 0.5427083333333333 0.5239583333333333 0.128125 0.14270833333333333
17 0.18958333333333333 0.21354166666666666 0.2604166666666667 0.284375