7 0.53125 0.48125 0.14375 0.15833333333333333
5 0.35625 0.29270833333333335 0.12604166666666666 0.14375
15 0.9302083333333333 0.6739583333333333 0.13854166666666667 0.15833333333333333
4 0.7333333333333333 0.49166666666666664 0.16145833333333334 0.121875
20 0.33229166666666665 0.4625 0.14166666666666666 0.16770833333333332
6 0.54375 0.6697916666666667 0.12604166666666666 0.12291666666666666
2 0.03958333333333333 0.6145833333333334 0.078125 0.22083333333333333
10 0.12291666666666666 0.30520833333333336 0.042708333333333334 0.10520833333333333
8 0.9270833333333334 0.490625 0.13229166666666667 0.13020833333333334
3 0.18229166666666666 0.621875 0.08229166666666667 0.19791666666666666
1 0.21458333333333332 0.3104166666666667 0.0625 0.11666666666666667
14 0.6739583333333333 0.6739583333333333 0.08854166666666667 0.121875
12 0.4166666666666667 0.6520833333333333 0.09791666666666667 0.1125
18 0.91875 0.33229166666666665 0.121875 0.146875
9 0.10625 0.428125 0.11458333333333333 0.121875
0 0.546875 0.30520833333333336 0.12916666666666668 0.18229166666666666
11 0.7625 0.66875 0.08541666666666667 0.13020833333333334
19 0.296875 0.6447916666666667 0.08958333333333333 0.10416666666666667
17 0.7208333333333333 0.3177083333333333 0.15416666666666667 0.18020833333333333
13 0.03958333333333333 0.2916666666666667 0.0625 0.1