11 0.6416666666666667 0.30833333333333335 0.08854166666666667 0.22291666666666668
14 0.71875 0.31666666666666665 0.06666666666666667 0.23020833333333332
3 0.809375 0.32916666666666666 0.11979166666666667 0.38333333333333336
9 0.94375 0.2760416666666667 0.11145833333333334 0.2833333333333333
6 0.7770833333333333 0.66875 0.10833333333333334 0.15625
1 0.659375 0.659375 0.0625 0.22291666666666668
20 0.5239583333333333 0.6729166666666667 0.1375 0.28541666666666665
19 0.3302083333333333 0.7927083333333333 0.08020833333333334 0.13125
13 0.340625 0.6239583333333333 0.19895833333333332 0.11458333333333333
15 0.39791666666666664 0.30104166666666665 0.153125 0.27291666666666664
12 0.24791666666666667 0.2708333333333333 0.10416666666666667 0.23958333333333334
2 0.065625 0.315625 0.10729166666666666 0.42083333333333334
18 0.14375 0.6770833333333334 0.16458333333333333 0.29375