7 0.8177083333333334 0.096875 0.22604166666666667 0.19375
5 0.3958333333333333 0.071875 0.15625 0.14270833333333333
15 0.871875 0.8197916666666667 0.19375 0.17708333333333334
20 0.6052083333333333 0.12083333333333333 0.209375 0.2
6 0.8625 0.3489583333333333 0.15104166666666666 0.17083333333333334
2 0.446875 0.7864583333333334 0.22083333333333333 0.12395833333333334
10 0.6427083333333333 0.5677083333333334 0.13333333333333333 0.078125
8 0.6302083333333334 0.725 0.15 0.175
3 0.8697916666666666 0.509375 0.259375 0.109375
1 0.4125 0.2125 0.153125 0.10208333333333333
12 0.6302083333333334 0.415625 0.13333333333333333 0.11145833333333334
0 0.4125 0.390625 0.21666666666666667 0.18229166666666666
11 0.884375 0.64375 0.16770833333333332 0.10208333333333333
19 0.6229166666666667 0.2708333333333333 0.11041666666666666 0.10625
17 0.434375 0.5885416666666666 0.18854166666666666 0.20104166666666667