17 0.35625 0.6854166666666667 0.15104166666666666 0.20625
7 0.13229166666666667 0.7239583333333334 0.19166666666666668 0.19895833333333332
14 0.5302083333333333 0.6822916666666666 0.07604166666666666 0.14583333333333334
1 0.6541666666666667 0.6822916666666666 0.08125 0.15208333333333332
13 0.10104166666666667 0.50625 0.09583333333333334 0.16458333333333333
2 0.22604166666666667 0.47708333333333336 0.07708333333333334 0.22395833333333334
11 0.32708333333333334 0.45208333333333334 0.071875 0.15104166666666666
6 0.4947916666666667 0.515625 0.13229166666666667 0.11458333333333333
8 0.6885416666666667 0.4739583333333333 0.14375 0.15
9 0.14375 0.28541666666666665 0.15520833333333334 0.16145833333333334
19 0.31875 0.3125 0.08541666666666667 0.09791666666666667
12 0.4583333333333333 0.3 0.07916666666666666 0.11666666666666667
15 0.615625 0.29270833333333335 0.15833333333333333 0.165625