12 0.20625 0.9375 0.190625 0.08125
11 0.4322916666666667 0.85 0.20833333333333334 0.06145833333333333
6 0.5520833333333334 0.9552083333333333 0.18020833333333333 0.08958333333333333
17 0.8072916666666666 0.8291666666666667 0.290625 0.14895833333333333
7 0.8333333333333334 0.6520833333333333 0.28229166666666666 0.14583333333333334
2 0.4666666666666667 0.7385416666666667 0.3260416666666667 0.0875
19 0.221875 0.828125 0.184375 0.0625
13 0.46458333333333335 0.5958333333333333 0.23333333333333334 0.07291666666666667
9 0.1625 0.6791666666666667 0.24375 0.12291666666666666
3 0.853125 0.4625 0.29375 0.075
10 0.8760416666666667 0.34479166666666666 0.19895833333333332 0.06458333333333334
0 0.5166666666666667 0.453125 0.31875 0.14479166666666668
20 0.5489583333333333 0.2791666666666667 0.26458333333333334 0.13333333333333333
18 0.175 0.3302083333333333 0.24479166666666666 0.14375
5 0.165625 0.5145833333333333 0.21770833333333334 0.10729166666666666