19 0.703125 0.6989583333333333 0.06770833333333333 0.12291666666666666
20 0.8770833333333333 0.5875 0.13229166666666667 0.25416666666666665
13 0.7166666666666667 0.55 0.18645833333333334 0.12083333333333333
15 0.765625 0.2552083333333333 0.13645833333333332 0.24895833333333334
12 0.625 0.2520833333333333 0.09166666666666666 0.209375
11 0.96875 0.23333333333333334 0.06145833333333333 0.21666666666666667
2 0.4791666666666667 0.30104166666666665 0.06770833333333333 0.365625
17 0.33541666666666664 0.240625 0.15416666666666667 0.31875
0 0.3697916666666667 0.5802083333333333 0.125 0.296875
5 0.16458333333333333 0.5989583333333334 0.140625 0.23541666666666666
8 0.16354166666666667 0.25833333333333336 0.13645833333333332 0.24479166666666666