3 0.9010416666666666 0.7229166666666667 0.10208333333333333 0.446875
14 0.7989583333333333 0.73125 0.103125 0.2760416666666667
5 0.6177083333333333 0.728125 0.15416666666666667 0.31354166666666666
2 0.390625 0.7364583333333333 0.11145833333333334 0.48854166666666665
12 0.28020833333333334 0.753125 0.11875 0.29270833333333335
8 0.10833333333333334 0.7333333333333333 0.16770833333333332 0.2989583333333333
9 0.5510416666666667 0.3541666666666667 0.12708333333333333 0.23229166666666667
11 0.365625 0.390625 0.20416666666666666 0.13958333333333334
10 0.5302083333333333 0.165625 0.17708333333333334 0.11145833333333334
19 0.34270833333333334 0.21770833333333334 0.15520833333333334 0.15520833333333334
18 0.171875 0.2864583333333333 0.17395833333333333 0.31354166666666666
15 0.8875 0.30104166666666665 0.16875 0.2604166666666667
1 0.7354166666666667 0.3333333333333333 0.07291666666666667 0.24166666666666667