7 0.7572916666666667 0.8145833333333333 0.23333333333333334 0.14270833333333333
5 0.24479166666666666 0.853125 0.19166666666666668 0.12604166666666666
15 0.8010416666666667 0.30104166666666665 0.24166666666666667 0.12083333333333333
4 0.47708333333333336 0.946875 0.19479166666666667 0.10625
20 0.49270833333333336 0.8010416666666667 0.21979166666666666 0.13020833333333334
6 0.7875 0.628125 0.171875 0.09791666666666667
2 0.275 0.3260416666666667 0.2833333333333333 0.07916666666666666
10 0.5333333333333333 0.484375 0.16041666666666668 0.05625
8 0.5052083333333334 0.3729166666666667 0.18958333333333333 0.09791666666666667
3 0.8041666666666667 0.5114583333333333 0.309375 0.06770833333333333
1 0.26145833333333335 0.7333333333333333 0.17916666666666667 0.05625
14 0.765625 0.94375 0.21770833333333334 0.07395833333333333
12 0.521875 0.5927083333333333 0.16458333333333333 0.08541666666666667
0 0.24791666666666667 0.621875 0.25104166666666666 0.11979166666666667
11 0.8197916666666667 0.421875 0.20729166666666668 0.06354166666666666
19 0.51875 0.690625 0.13125 0.06979166666666667
17 0.27291666666666664 0.47604166666666664 0.24375 0.15104166666666666