18 0.18333333333333332 0.6322916666666667 0.14270833333333333 0.2625
19 0.34479166666666666 0.7166666666666667 0.07291666666666667 0.14479166666666668
13 0.353125 0.56875 0.16875 0.09479166666666666
20 0.5104166666666666 0.609375 0.12395833333333334 0.23125
15 0.38229166666666664 0.2875 0.12291666666666666 0.24479166666666666
12 0.253125 0.2760416666666667 0.08125 0.19375
2 0.11041666666666666 0.31666666666666665 0.109375 0.35
1 0.628125 0.596875 0.058333333333333334 0.19270833333333334
11 0.5947916666666667 0.26875 0.06666666666666667 0.225
14 0.6604166666666667 0.278125 0.05416666666666667 0.22291666666666668
3 0.7375 0.26875 0.07708333333333334 0.36666666666666664
6 0.7354166666666667 0.590625 0.10104166666666667 0.178125
9 0.8822916666666667 0.22395833333333334 0.13020833333333334 0.27708333333333335
10 0.9354166666666667 0.5416666666666666 0.075 0.19583333333333333