18 0.16770833333333332 0.284375 0.184375 0.3104166666666667
8 0.103125 0.7520833333333333 0.17708333333333334 0.296875
12 0.26979166666666665 0.7572916666666667 0.11145833333333334 0.26666666666666666
2 0.38645833333333335 0.7375 0.09375 0.4708333333333333
11 0.36770833333333336 0.39895833333333336 0.196875 0.11875
10 0.5302083333333333 0.175 0.18229166666666666 0.115625
19 0.34270833333333334 0.22708333333333333 0.15729166666666666 0.1375
9 0.55 0.36875 0.11979166666666667 0.23229166666666667
5 0.621875 0.7385416666666667 0.14791666666666667 0.303125
1 0.7385416666666667 0.334375 0.07708333333333334 0.24791666666666667
15 0.875 0.30416666666666664 0.16041666666666668 0.2625
14 0.7927083333333333 0.73125 0.1 0.26875
3 0.8895833333333333 0.7385416666666667 0.115625 0.4395833333333333