18 0.675 0.2625 0.16354166666666667 0.16354166666666667
20 0.425 0.20520833333333333 0.18645833333333334 0.16354166666666667
10 0.20625 0.228125 0.140625 0.08541666666666667
3 0.21041666666666667 0.41354166666666664 0.22916666666666666 0.08229166666666667
0 0.45625 0.39791666666666664 0.225 0.18958333333333333
5 0.6927083333333334 0.471875 0.15416666666666667 0.14791666666666667
9 0.690625 0.6708333333333333 0.15833333333333333 0.15833333333333333
13 0.471875 0.5979166666666667 0.178125 0.10729166666666666
7 0.240625 0.63125 0.19166666666666668 0.17708333333333334
2 0.4864583333333333 0.7322916666666667 0.22291666666666668 0.10625
19 0.6697916666666667 0.853125 0.10520833333333333 0.08541666666666667
11 0.5229166666666667 0.9 0.140625 0.075
17 0.25416666666666665 0.8822916666666667 0.22395833333333334 0.17604166666666668