7 0.44583333333333336 0.4875 0.11354166666666667 0.11666666666666667
5 0.5822916666666667 0.6166666666666667 0.09791666666666667 0.10520833333333333
15 0.14375 0.35208333333333336 0.12604166666666666 0.10104166666666667
4 0.29375 0.47604166666666664 0.12291666666666666 0.109375
20 0.5854166666666667 0.48020833333333335 0.12291666666666666 0.13958333333333334
6 0.42916666666666664 0.346875 0.10104166666666667 0.09895833333333333
2 0.7989583333333333 0.3885416666666667 0.059375 0.16979166666666667
10 0.746875 0.6020833333333333 0.04895833333333333 0.08020833333333334
8 0.15625 0.47708333333333336 0.10520833333333333 0.10416666666666667
3 0.7010416666666667 0.38333333333333336 0.059375 0.14270833333333333
1 0.6770833333333334 0.5979166666666667 0.04375 0.0875
14 0.34270833333333334 0.34791666666666665 0.058333333333333334 0.09895833333333333
12 0.5291666666666667 0.3572916666666667 0.06041666666666667 0.08958333333333333
18 0.16354166666666667 0.5958333333333333 0.08333333333333333 0.10208333333333333
9 0.75625 0.5166666666666667 0.08125 0.096875
0 0.4427083333333333 0.6114583333333333 0.08333333333333333 0.12291666666666666
11 0.27395833333333336 0.3458333333333333 0.07291666666666667 0.125
19 0.6114583333333333 0.36041666666666666 0.065625 0.06875
17 0.30833333333333335 0.6083333333333333 0.14166666666666666 0.13333333333333333
13 0.8072916666666666 0.6135416666666667 0.06354166666666666 0.096875