0 0.5260416666666666 0.121875 0.2375 0.17604166666666668
3 0.28541666666666665 0.14375 0.21875 0.08229166666666667
7 0.3020833333333333 0.34479166666666666 0.2125 0.18020833333333333
17 0.31145833333333334 0.5739583333333333 0.20520833333333333 0.19583333333333333
5 0.75625 0.203125 0.14895833333333333 0.1375
19 0.73125 0.565625 0.12395833333333334 0.07708333333333334
9 0.7541666666666667 0.37604166666666666 0.14895833333333333 0.11770833333333333
13 0.5375 0.3145833333333333 0.16458333333333333 0.10833333333333334
2 0.5458333333333333 0.4479166666666667 0.225 0.10520833333333333
11 0.5791666666666667 0.59375 0.13958333333333334 0.07083333333333333
6 0.49583333333333335 0.7385416666666667 0.13125 0.14270833333333333
14 0.30416666666666664 0.7541666666666667 0.15 0.07916666666666666
1 0.28958333333333336 0.903125 0.159375 0.0875
15 0.734375 0.9197916666666667 0.196875 0.159375
12 0.734375 0.728125 0.146875 0.10104166666666667