14 0.696875 0.6229166666666667 0.228125 0.14791666666666667
3 0.7041666666666667 0.375 0.3145833333333333 0.128125
5 0.6895833333333333 0.14791666666666667 0.24375 0.196875
9 0.43020833333333336 0.48854166666666665 0.19895833333333332 0.16770833333333332
11 0.4395833333333333 0.7239583333333334 0.078125 0.25416666666666665
12 0.7020833333333333 0.8416666666666667 0.23541666666666666 0.17291666666666666
19 0.32083333333333336 0.7489583333333333 0.09479166666666666 0.19479166666666667
19 0.365625 0.93125 0.234375 0.13645833333333332
10 0.2833333333333333 0.49375 0.04791666666666667 0.23854166666666668
1 0.40729166666666666 0.24583333333333332 0.19375 0.10520833333333333
15 0.39479166666666665 0.08541666666666667 0.2 0.17083333333333334