18 0.7427083333333333 0.32395833333333335 0.09895833333333333 0.165625
5 0.6239583333333333 0.31979166666666664 0.08333333333333333 0.15416666666666667
9 0.51875 0.32083333333333336 0.06354166666666666 0.140625
19 0.42291666666666666 0.36041666666666666 0.05625 0.09895833333333333
12 0.340625 0.353125 0.052083333333333336 0.13020833333333334
15 0.23645833333333333 0.3541666666666667 0.11354166666666667 0.16145833333333334
8 0.20625 0.5604166666666667 0.07916666666666666 0.15833333333333333
6 0.33541666666666664 0.5875 0.06145833333333333 0.11354166666666667
11 0.4083333333333333 0.49583333333333335 0.036458333333333336 0.13645833333333332
2 0.484375 0.521875 0.04791666666666667 0.21770833333333334
13 0.578125 0.5125 0.05 0.16875
0 0.6739583333333333 0.540625 0.08541666666666667 0.20625
20 0.7875 0.5625 0.08541666666666667 0.16458333333333333
1 0.24791666666666667 0.7833333333333333 0.05 0.15729166666666666
14 0.328125 0.76875 0.04895833333333333 0.13958333333333334
17 0.428125 0.7510416666666667 0.10104166666666667 0.20104166666666667
7 0.5572916666666666 0.7677083333333333 0.11666666666666667 0.18020833333333333
3 0.66875 0.7791666666666667 0.05625 0.20625
10 0.7489583333333333 0.78125 0.041666666666666664 0.1375