7 0.25 0.7697916666666667 0.20208333333333334 0.18125
5 0.15416666666666667 0.32916666666666666 0.165625 0.16041666666666668
20 0.253125 0.5739583333333333 0.19166666666666668 0.190625
6 0.51875 0.8125 0.20416666666666666 0.15520833333333334
2 0.959375 0.35833333333333334 0.08125 0.23020833333333332
10 0.7375 0.5833333333333334 0.08541666666666667 0.13125
8 0.9135416666666667 0.5604166666666667 0.16875 0.17083333333333334
3 0.696875 0.821875 0.10625 0.271875
1 0.3416666666666667 0.340625 0.075 0.14479166666666668
14 0.04375 0.7895833333333333 0.0875 0.16354166666666667
12 0.5760416666666667 0.575 0.09895833333333333 0.14791666666666667
0 0.5197916666666667 0.32916666666666666 0.17916666666666667 0.23333333333333334
11 0.840625 0.834375 0.09270833333333334 0.18229166666666666
19 0.42604166666666665 0.571875 0.08854166666666667 0.10208333333333333
17 0.746875 0.3458333333333333 0.21979166666666666 0.22395833333333334