15 0.85625 0.221875 0.22395833333333334 0.22395833333333334
6 0.23125 0.2 0.20520833333333333 0.19791666666666666
2 0.7822916666666667 0.7677083333333333 0.13958333333333334 0.31145833333333334
10 0.503125 0.4822916666666667 0.1125 0.18229166666666666
8 0.7010416666666667 0.5135416666666667 0.21666666666666667 0.221875
3 0.440625 0.196875 0.15729166666666666 0.3375
12 0.2989583333333333 0.4947916666666667 0.13541666666666666 0.1875
0 0.228125 0.803125 0.19479166666666667 0.2947916666666667
11 0.6145833333333334 0.18541666666666667 0.1375 0.23958333333333334
19 0.10208333333333333 0.49375 0.12291666666666666 0.134375
17 0.50625 0.7854166666666667 0.2625 0.265625