13 0.775 0.34270833333333334 0.09375 0.275
20 0.7947916666666667 0.696875 0.14791666666666667 0.3729166666666667
3 0.61875 0.7104166666666667 0.08854166666666667 0.4166666666666667
14 0.5104166666666666 0.709375 0.08229166666666667 0.265625
5 0.3385416666666667 0.70625 0.13229166666666667 0.309375
2 0.09583333333333334 0.684375 0.12291666666666666 0.46770833333333334
11 0.10520833333333333 0.353125 0.20729166666666668 0.13958333333333334
19 0.09166666666666666 0.18020833333333333 0.14791666666666667 0.12604166666666666
9 0.28854166666666664 0.33125 0.14479166666666668 0.24166666666666667
1 0.4864583333333333 0.3302083333333333 0.0625 0.2552083333333333
15 0.6322916666666667 0.3020833333333333 0.140625 0.2625
10 0.2833333333333333 0.14270833333333333 0.171875 0.12291666666666666