1 0.23645833333333333 0.140625 0.12708333333333333 0.08541666666666667
14 0.23854166666666668 0.2552083333333333 0.128125 0.07291666666666667
17 0.246875 0.4010416666666667 0.16145833333333334 0.1625
7 0.23125 0.5885416666666666 0.15208333333333332 0.12708333333333333
3 0.20416666666666666 0.7520833333333333 0.18645833333333334 0.071875
10 0.203125 0.8666666666666667 0.115625 0.06458333333333334
20 0.378125 0.925 0.14375 0.13541666666666666
0 0.40729166666666666 0.7645833333333333 0.178125 0.15729166666666666
13 0.43125 0.6375 0.13125 0.07083333333333333
2 0.434375 0.49583333333333335 0.18229166666666666 0.0875
11 0.459375 0.3875 0.11041666666666666 0.06875
6 0.39166666666666666 0.27291666666666664 0.09479166666666666 0.10104166666666667
8 0.415625 0.09895833333333333 0.1375 0.12395833333333334
18 0.578125 0.8833333333333333 0.13854166666666667 0.146875
5 0.596875 0.7145833333333333 0.115625 0.10625
9 0.59375 0.5604166666666667 0.11041666666666666 0.11770833333333333
19 0.578125 0.41770833333333335 0.071875 0.05625
12 0.584375 0.3 0.10208333333333333 0.06666666666666667
15 0.5791666666666667 0.15208333333333332 0.103125 0.13020833333333334