15 0.3416666666666667 0.221875 0.19479166666666667 0.17916666666666667
6 0.84375 0.20104166666666667 0.17708333333333334 0.13958333333333334
2 0.390625 0.6864583333333333 0.10208333333333333 0.2520833333333333
10 0.6364583333333333 0.4375 0.084375 0.14270833333333333
8 0.471875 0.47291666666666665 0.165625 0.165625
3 0.6791666666666667 0.20520833333333333 0.128125 0.2635416666666667
12 0.7979166666666667 0.44166666666666665 0.11875 0.15625
0 0.865625 0.6958333333333333 0.20416666666666666 0.2635416666666667
11 0.5239583333333333 0.19583333333333333 0.10104166666666667 0.17604166666666668
19 0.95 0.44166666666666665 0.1 0.10208333333333333
17 0.625 0.69375 0.22395833333333334 0.21666666666666667