7 0.775 0.8697916666666666 0.3333333333333333 0.19166666666666668
5 0.12708333333333333 0.9177083333333333 0.253125 0.16458333333333333
15 0.8145833333333333 0.21041666666666667 0.28229166666666666 0.15729166666666666
20 0.4375 0.8520833333333333 0.2604166666666667 0.17291666666666666
6 0.8135416666666667 0.61875 0.21041666666666667 0.128125
2 0.17083333333333334 0.22291666666666668 0.3416666666666667 0.12708333333333333
10 0.49270833333333336 0.434375 0.21354166666666666 0.071875
8 0.4635416666666667 0.28958333333333336 0.23125 0.125
3 0.8104166666666667 0.484375 0.37916666666666665 0.10625
1 0.12083333333333333 0.7666666666666667 0.24166666666666667 0.078125
12 0.471875 0.565625 0.22395833333333334 0.09583333333333334
0 0.14791666666666667 0.6104166666666667 0.2947916666666667 0.12395833333333334
11 0.85 0.3541666666666667 0.275 0.09270833333333334
19 0.46458333333333335 0.7083333333333334 0.16875 0.09375
17 0.15625 0.4270833333333333 0.30104166666666665 0.190625