17 0.7020833333333333 0.7802083333333333 0.22916666666666666 0.19479166666666667
11 0.7260416666666667 0.5864583333333333 0.17916666666666667 0.0875
13 0.50625 0.6333333333333333 0.06979166666666667 0.228125
19 0.3958333333333333 0.6447916666666667 0.13125 0.11666666666666667
15 0.696875 0.38333333333333336 0.20208333333333334 0.15208333333333332
20 0.46875 0.4197916666666667 0.19895833333333332 0.14895833333333333
14 0.715625 0.21979166666666666 0.175 0.078125
1 0.4864583333333333 0.2760416666666667 0.17291666666666666 0.09895833333333333
3 0.7291666666666666 0.125 0.2760416666666667 0.09270833333333334
6 0.4895833333333333 0.13958333333333334 0.13020833333333334 0.134375
10 0.5177083333333333 0.03333333333333333 0.12291666666666666 0.0625