7 0.53125 0.51875 0.14375 0.15833333333333333
5 0.35625 0.7072916666666667 0.12604166666666666 0.14375
15 0.9302083333333333 0.3260416666666667 0.13854166666666667 0.15833333333333333
4 0.7333333333333333 0.5083333333333333 0.16145833333333334 0.121875
20 0.33229166666666665 0.5375 0.14166666666666666 0.16770833333333332
6 0.54375 0.3302083333333333 0.12604166666666666 0.12291666666666666
2 0.03958333333333333 0.3854166666666667 0.078125 0.22083333333333333
10 0.12291666666666666 0.6947916666666667 0.042708333333333334 0.10520833333333333
8 0.9270833333333334 0.509375 0.13229166666666667 0.13020833333333334
3 0.18229166666666666 0.378125 0.08229166666666667 0.19791666666666666
1 0.21458333333333332 0.6895833333333333 0.0625 0.11666666666666667
14 0.6739583333333333 0.3260416666666667 0.08854166666666667 0.121875
12 0.4166666666666667 0.34791666666666665 0.09791666666666667 0.1125
18 0.91875 0.6677083333333333 0.121875 0.146875
9 0.10625 0.571875 0.11458333333333333 0.121875
0 0.546875 0.6947916666666667 0.12916666666666668 0.18229166666666666
11 0.7625 0.33125 0.08541666666666667 0.13020833333333334
19 0.296875 0.35520833333333335 0.08958333333333333 0.10416666666666667
17 0.7208333333333333 0.6822916666666666 0.15416666666666667 0.18020833333333333
13 0.03958333333333333 0.7083333333333334 0.0625 0.1