18 0.8166666666666667 0.6322916666666667 0.14270833333333333 0.2625
19 0.6552083333333333 0.7166666666666667 0.07291666666666667 0.14479166666666668
13 0.646875 0.56875 0.16875 0.09479166666666666
20 0.4895833333333333 0.609375 0.12395833333333334 0.23125
15 0.6177083333333333 0.2875 0.12291666666666666 0.24479166666666666
12 0.746875 0.2760416666666667 0.08125 0.19375
2 0.8895833333333333 0.31666666666666665 0.109375 0.35
1 0.371875 0.596875 0.058333333333333334 0.19270833333333334
11 0.40520833333333334 0.26875 0.06666666666666667 0.225
14 0.33958333333333335 0.278125 0.05416666666666667 0.22291666666666668
3 0.2625 0.26875 0.07708333333333334 0.36666666666666664
6 0.26458333333333334 0.590625 0.10104166666666667 0.178125
9 0.11770833333333333 0.22395833333333334 0.13020833333333334 0.27708333333333335
10 0.06458333333333334 0.5416666666666666 0.075 0.19583333333333333