15 0.23541666666666666 0.525 0.12083333333333333 0.084375
12 0.35 0.53125 0.06979166666666667 0.08020833333333334
19 0.4479166666666667 0.5354166666666667 0.052083333333333336 0.05416666666666667
9 0.5572916666666666 0.5614583333333333 0.078125 0.09166666666666666
5 0.6802083333333333 0.5635416666666667 0.09270833333333334 0.1
18 0.8208333333333333 0.5666666666666667 0.11041666666666666 0.109375
20 0.8854166666666666 0.4041666666666667 0.10208333333333333 0.11458333333333333
0 0.740625 0.421875 0.08541666666666667 0.14166666666666666
13 0.640625 0.4322916666666667 0.057291666666666664 0.10625
2 0.5302083333333333 0.42604166666666665 0.065625 0.14479166666666668
11 0.43333333333333335 0.4375 0.05520833333333333 0.09479166666666666
6 0.35 0.37604166666666666 0.090625 0.08020833333333334
8 0.20833333333333334 0.38645833333333335 0.11979166666666667 0.09375
1 0.2625 0.24166666666666667 0.06770833333333333 0.109375
14 0.34791666666666665 0.25 0.06770833333333333 0.11145833333333334
17 0.46770833333333334 0.2604166666666667 0.12291666666666666 0.15
7 0.621875 0.2552083333333333 0.109375 0.13333333333333333
3 0.753125 0.2520833333333333 0.06770833333333333 0.15104166666666666
10 0.8458333333333333 0.25729166666666664 0.06041666666666667 0.10416666666666667