13 0.18645833333333334 0.5625 0.05625 0.15625
7 0.12291666666666666 0.7447916666666666 0.12708333333333333 0.18541666666666667
10 0.25416666666666665 0.740625 0.07291666666666667 0.14895833333333333
3 0.31354166666666666 0.728125 0.075 0.22604166666666667
14 0.36354166666666665 0.728125 0.06354166666666666 0.15729166666666666
5 0.45625 0.7229166666666667 0.1 0.18645833333333334
17 0.26666666666666666 0.5177083333333333 0.09166666666666666 0.16041666666666668
1 0.39375 0.540625 0.057291666666666664 0.12291666666666666
0 0.496875 0.49895833333333334 0.103125 0.18125
19 0.5677083333333334 0.47604166666666664 0.0375 0.08229166666666667
18 0.5916666666666667 0.60625 0.12291666666666666 0.09375
11 0.5302083333333333 0.7291666666666666 0.046875 0.12604166666666666
9 0.6385416666666667 0.7708333333333334 0.08229166666666667 0.14479166666666668
2 0.721875 0.7208333333333333 0.059375 0.228125
8 0.66875 0.4864583333333333 0.06979166666666667 0.13541666666666666
20 0.771875 0.50625 0.08958333333333333 0.16041666666666668
12 0.8270833333333333 0.7375 0.071875 0.15104166666666666
6 0.9177083333333333 0.7322916666666667 0.075 0.11666666666666667
15 0.896875 0.5239583333333333 0.08854166666666667 0.13125