7 0.615625 0.20833333333333334 0.2708333333333333 0.259375
5 0.46041666666666664 0.7833333333333333 0.190625 0.21354166666666666
4 0.27395833333333336 0.5010416666666667 0.24479166666666666 0.19166666666666668
20 0.6125 0.4895833333333333 0.20833333333333334 0.253125
6 0.9197916666666667 0.19166666666666668 0.159375 0.165625
1 0.6864583333333333 0.771875 0.103125 0.20729166666666668
14 0.371875 0.1875 0.10833333333333334 0.23020833333333332
18 0.12291666666666666 0.18125 0.24375 0.2947916666666667
0 0.890625 0.784375 0.19791666666666666 0.29375
19 0.821875 0.478125 0.121875 0.14270833333333333
13 0.065625 0.7739583333333333 0.13125 0.24375