0 0.8302083333333333 0.32083333333333336 0.1625 0.403125
18 0.6114583333333333 0.2520833333333333 0.18229166666666666 0.334375
19 0.43125 0.19270833333333334 0.14166666666666666 0.146875
10 0.228125 0.13854166666666667 0.19583333333333333 0.11770833333333333
11 0.40208333333333335 0.3770833333333333 0.221875 0.16666666666666666
9 0.21354166666666666 0.34791666666666665 0.14375 0.23958333333333334
1 0.029166666666666667 0.31354166666666666 0.057291666666666664 0.22604166666666667
2 0.38958333333333334 0.7197916666666667 0.09479166666666666 0.48854166666666665
5 0.146875 0.7395833333333334 0.19583333333333333 0.3885416666666667
12 0.50625 0.7395833333333334 0.11875 0.3104166666666667
8 0.6697916666666667 0.7166666666666667 0.18229166666666666 0.325
6 0.884375 0.7520833333333333 0.1625 0.228125