3 0.9010416666666666 0.27708333333333335 0.10208333333333333 0.446875
14 0.7989583333333333 0.26875 0.103125 0.2760416666666667
5 0.6177083333333333 0.271875 0.15416666666666667 0.31354166666666666
2 0.390625 0.2635416666666667 0.11145833333333334 0.48854166666666665
12 0.28020833333333334 0.246875 0.11875 0.29270833333333335
8 0.10833333333333334 0.26666666666666666 0.16770833333333332 0.2989583333333333
9 0.5510416666666667 0.6458333333333334 0.12708333333333333 0.23229166666666667
11 0.365625 0.609375 0.20416666666666666 0.13958333333333334
10 0.5302083333333333 0.834375 0.17708333333333334 0.11145833333333334
19 0.34270833333333334 0.7822916666666667 0.15520833333333334 0.15520833333333334
18 0.171875 0.7135416666666666 0.17395833333333333 0.31354166666666666
15 0.8875 0.6989583333333333 0.16875 0.2604166666666667
1 0.7354166666666667 0.6666666666666666 0.07291666666666667 0.24166666666666667