7 0.75 0.23020833333333332 0.20208333333333334 0.18125
5 0.8458333333333333 0.6708333333333333 0.165625 0.16041666666666668
20 0.746875 0.42604166666666665 0.19166666666666668 0.190625
6 0.48125 0.1875 0.20416666666666666 0.15520833333333334
2 0.040625 0.6416666666666667 0.08125 0.23020833333333332
10 0.2625 0.4166666666666667 0.08541666666666667 0.13125
8 0.08645833333333333 0.4395833333333333 0.16875 0.17083333333333334
3 0.303125 0.178125 0.10625 0.271875
1 0.6583333333333333 0.659375 0.075 0.14479166666666668
14 0.95625 0.21041666666666667 0.0875 0.16354166666666667
12 0.4239583333333333 0.425 0.09895833333333333 0.14791666666666667
0 0.48020833333333335 0.6708333333333333 0.17916666666666667 0.23333333333333334
11 0.159375 0.165625 0.09270833333333334 0.18229166666666666
19 0.5739583333333333 0.428125 0.08854166666666667 0.10208333333333333
17 0.253125 0.6541666666666667 0.21979166666666666 0.22395833333333334