0 0.83125 0.30625 0.175 0.4114583333333333
18 0.6052083333333333 0.253125 0.17604166666666668 0.3385416666666667
6 0.8833333333333333 0.7375 0.12604166666666666 0.21145833333333333
8 0.6697916666666667 0.7104166666666667 0.16458333333333333 0.315625
9 0.20729166666666668 0.36770833333333336 0.14479166666666668 0.290625
19 0.42604166666666665 0.19270833333333334 0.15 0.14583333333333334
11 0.39479166666666665 0.38229166666666664 0.221875 0.15625
10 0.228125 0.15 0.190625 0.128125
5 0.14895833333333333 0.7552083333333334 0.17083333333333334 0.33645833333333336
2 0.3854166666666667 0.7322916666666667 0.103125 0.5
12 0.5125 0.7385416666666667 0.12083333333333333 0.2916666666666667