7 0.24270833333333333 0.18541666666666667 0.23333333333333334 0.14270833333333333
5 0.7552083333333334 0.146875 0.19166666666666668 0.12604166666666666
15 0.19895833333333332 0.6989583333333333 0.24166666666666667 0.12083333333333333
4 0.5229166666666667 0.053125 0.19479166666666667 0.10625
20 0.5072916666666667 0.19895833333333332 0.21979166666666666 0.13020833333333334
6 0.2125 0.371875 0.171875 0.09791666666666667
2 0.725 0.6739583333333333 0.2833333333333333 0.07916666666666666
10 0.4666666666666667 0.515625 0.16041666666666668 0.05625
8 0.4947916666666667 0.6270833333333333 0.18958333333333333 0.09791666666666667
3 0.19583333333333333 0.48854166666666665 0.309375 0.06770833333333333
1 0.7385416666666667 0.26666666666666666 0.17916666666666667 0.05625
14 0.234375 0.05625 0.21770833333333334 0.07395833333333333
12 0.478125 0.40729166666666666 0.16458333333333333 0.08541666666666667
0 0.7520833333333333 0.378125 0.25104166666666666 0.11979166666666667
11 0.18020833333333333 0.578125 0.20729166666666668 0.06354166666666666
19 0.48125 0.309375 0.13125 0.06979166666666667
17 0.7270833333333333 0.5239583333333333 0.24375 0.15104166666666666