12 0.06458333333333334 0.378125 0.075 0.21145833333333333
13 0.17083333333333334 0.6708333333333333 0.2 0.1125
19 0.178125 0.8208333333333333 0.09479166666666666 0.175
20 0.34479166666666666 0.6947916666666667 0.11979166666666667 0.25416666666666665
1 0.47291666666666665 0.6583333333333333 0.06666666666666667 0.19166666666666668
11 0.41875 0.35208333333333336 0.04479166666666667 0.22604166666666667
10 0.775 0.58125 0.06145833333333333 0.22291666666666668
14 0.48020833333333335 0.3302083333333333 0.06979166666666667 0.25416666666666665
3 0.5604166666666667 0.3260416666666667 0.06875 0.38333333333333336
9 0.6895833333333333 0.26875 0.11875 0.24166666666666667
6 0.5885416666666666 0.6375 0.09583333333333334 0.21666666666666667
7 0.8625 0.24270833333333333 0.13229166666666667 0.30416666666666664