7 0.16458333333333333 0.25833333333333336 0.328125 0.16979166666666667
5 0.828125 0.178125 0.31666666666666665 0.16041666666666668
4 0.4739583333333333 0.06875 0.23854166666666668 0.13645833333333332
20 0.5052083333333334 0.25416666666666665 0.3 0.15729166666666666
6 0.10729166666666666 0.5114583333333333 0.21458333333333332 0.13541666666666666
10 0.5135416666666667 0.7072916666666667 0.26145833333333335 0.06875
8 0.56875 0.896875 0.33229166666666665 0.18125
3 0.175 0.6885416666666667 0.35 0.14375
1 0.8395833333333333 0.315625 0.25416666666666665 0.071875
12 0.5114583333333333 0.546875 0.2635416666666667 0.096875
18 0.15729166666666666 0.046875 0.3145833333333333 0.09375
0 0.8447916666666667 0.478125 0.309375 0.16145833333333334
11 0.12916666666666668 0.846875 0.25833333333333336 0.11666666666666667
19 0.4864583333333333 0.403125 0.19166666666666668 0.09375