15 0.8739583333333333 0.803125 0.25104166666666666 0.20625
6 0.259375 0.815625 0.2 0.17604166666666668
2 0.7677083333333333 0.24895833333333334 0.16041666666666668 0.29583333333333334
10 0.5041666666666667 0.5416666666666666 0.11145833333333334 0.17708333333333334
8 0.70625 0.5010416666666667 0.21354166666666666 0.1875
3 0.459375 0.8239583333333333 0.15833333333333333 0.31354166666666666
1 0.029166666666666667 0.26666666666666666 0.058333333333333334 0.19375
12 0.3125 0.54375 0.13229166666666667 0.18958333333333333
0 0.23229166666666667 0.24791666666666667 0.19166666666666668 0.29583333333333334
11 0.640625 0.840625 0.125 0.21354166666666666
19 0.12083333333333333 0.540625 0.12916666666666668 0.13125
17 0.50625 0.25729166666666664 0.253125 0.296875