7 0.8510416666666667 0.5833333333333334 0.2875 0.26666666666666666
17 0.8489583333333334 0.28020833333333334 0.2677083333333333 0.253125
11 0.4875 0.31354166666666666 0.18854166666666666 0.10208333333333333
2 0.521875 0.42604166666666665 0.30416666666666664 0.12083333333333333
13 0.5145833333333333 0.653125 0.2125 0.09479166666666666
0 0.5510416666666667 0.8614583333333333 0.296875 0.22083333333333333
3 0.8572916666666667 0.8677083333333333 0.284375 0.134375
5 0.24479166666666666 0.7708333333333334 0.23125 0.20208333333333334
9 0.240625 0.5083333333333333 0.21979166666666666 0.20208333333333334
19 0.28229166666666666 0.25416666666666665 0.15 0.10416666666666667
12 0.28125 0.06458333333333334 0.19479166666666667 0.12916666666666668