9 0.6708333333333333 0.41770833333333335 0.18020833333333333 0.18333333333333332
5 0.6739583333333333 0.21875 0.175 0.18020833333333333
19 0.6447916666666667 0.603125 0.128125 0.09583333333333334
0 0.43020833333333336 0.13958333333333334 0.23854166666666668 0.19270833333333334
3 0.17291666666666666 0.140625 0.24375 0.10625
7 0.19270833333333334 0.36041666666666666 0.24270833333333333 0.20416666666666666
17 0.19791666666666666 0.6010416666666667 0.24270833333333333 0.2375
13 0.4322916666666667 0.3302083333333333 0.20104166666666667 0.13333333333333333
2 0.45208333333333334 0.46979166666666666 0.2375 0.10625
11 0.484375 0.6520833333333333 0.16145833333333334 0.08541666666666667
12 0.6510416666666666 0.7635416666666667 0.15520833333333334 0.103125
14 0.18229166666666666 0.796875 0.16666666666666666 0.09479166666666666
6 0.38958333333333334 0.7739583333333333 0.121875 0.12916666666666668
1 0.16875 0.95625 0.18333333333333332 0.0875