15 0.20520833333333333 0.7572916666666667 0.178125 0.21354166666666666
6 0.7614583333333333 0.7770833333333333 0.17083333333333334 0.153125
2 0.2625 0.2708333333333333 0.11458333333333333 0.25833333333333336
10 0.515625 0.5114583333333333 0.10520833333333333 0.16458333333333333
8 0.35 0.4947916666666667 0.14479166666666668 0.20416666666666666
3 0.559375 0.7760416666666666 0.109375 0.284375
1 0.965625 0.25 0.06875 0.16666666666666666
12 0.6947916666666667 0.5135416666666667 0.115625 0.1625
0 0.7614583333333333 0.246875 0.17604166666666668 0.265625
11 0.4010416666666667 0.7770833333333333 0.12083333333333333 0.18125
19 0.8833333333333333 0.5083333333333333 0.1125 0.12708333333333333
17 0.50625 0.26458333333333334 0.240625 0.26875