7 0.10729166666666666 0.7177083333333333 0.21458333333333332 0.25625
5 0.06041666666666667 0.18125 0.12083333333333333 0.20833333333333334
20 0.11458333333333333 0.45416666666666666 0.22916666666666666 0.23125
6 0.4166666666666667 0.7645833333333333 0.17916666666666667 0.18125
2 0.9614583333333333 0.23229166666666667 0.07604166666666666 0.290625
10 0.6927083333333334 0.49895833333333334 0.09270833333333334 0.17916666666666667
8 0.8895833333333333 0.46979166666666666 0.196875 0.20625
3 0.6135416666666667 0.7708333333333334 0.12916666666666668 0.29791666666666666
1 0.21666666666666667 0.196875 0.08229166666666667 0.20416666666666666
12 0.49895833333333334 0.4822916666666667 0.13125 0.16979166666666667
0 0.43125 0.19895833333333332 0.1875 0.28958333333333336
11 0.7895833333333333 0.8 0.125 0.24895833333333334
19 0.3125 0.48125 0.125 0.14895833333333333
17 0.7166666666666667 0.228125 0.2375 0.27395833333333336