20 0.35104166666666664 0.6927083333333334 0.140625 0.28229166666666666
1 0.21875 0.665625 0.06145833333333333 0.21979166666666666
6 0.096875 0.6552083333333333 0.12083333333333333 0.19166666666666668
3 0.071875 0.2875 0.09479166666666666 0.40625
14 0.16875 0.29583333333333334 0.08541666666666667 0.24375
11 0.24583333333333332 0.3020833333333333 0.08958333333333333 0.24479166666666666
15 0.49895833333333334 0.31979166666666664 0.15729166666666666 0.2791666666666667
12 0.6510416666666666 0.3125 0.09583333333333334 0.23333333333333334
2 0.8239583333333333 0.3645833333333333 0.13333333333333333 0.39166666666666666
0 0.9239583333333333 0.671875 0.13229166666666667 0.35520833333333335
18 0.7395833333333334 0.7270833333333333 0.165625 0.28229166666666666
19 0.5770833333333333 0.784375 0.11875 0.115625
13 0.5385416666666667 0.659375 0.19479166666666667 0.128125