20 0.346875 0.051041666666666666 0.24791666666666667 0.10104166666666667
15 0.6791666666666667 0.16145833333333334 0.19375 0.14166666666666666
5 0.3541666666666667 0.22604166666666667 0.240625 0.13020833333333334
1 0.65 0.28958333333333336 0.18125 0.051041666666666666
3 0.34375 0.3770833333333333 0.3375 0.06145833333333333
9 0.6270833333333333 0.43645833333333334 0.1875 0.10416666666666667
10 0.7833333333333333 0.44895833333333335 0.059375 0.12291666666666666
19 0.7479166666666667 0.596875 0.075 0.09895833333333333
18 0.6927083333333334 0.7260416666666667 0.2375 0.15625
11 0.6041666666666666 0.5854166666666667 0.078125 0.13541666666666666
14 0.35833333333333334 0.5229166666666667 0.25104166666666666 0.0875
12 0.35208333333333336 0.6458333333333334 0.22708333333333333 0.07916666666666666
8 0.35833333333333334 0.778125 0.25729166666666664 0.121875
0 0.640625 0.8989583333333333 0.2864583333333333 0.11875
6 0.33125 0.9385416666666667 0.20104166666666667 0.12291666666666666