7 0.46145833333333336 0.6479166666666667 0.25625 0.265625
5 0.7885416666666667 0.91875 0.24791666666666667 0.16145833333333334
4 0.1375 0.6239583333333333 0.275 0.21666666666666667
20 0.7947916666666667 0.653125 0.240625 0.265625
6 0.42916666666666664 0.35208333333333336 0.19166666666666668 0.1625
14 0.203125 0.34791666666666665 0.13125 0.20208333333333334
12 0.6322916666666667 0.35208333333333336 0.15208333333333332 0.18958333333333333
0 0.471875 0.903125 0.18333333333333332 0.19375
11 0.04479166666666667 0.34791666666666665 0.08854166666666667 0.20833333333333334
19 0.825 0.34375 0.13229166666666667 0.153125
17 0.18958333333333333 0.903125 0.25 0.19375