19 0.7875 0.19895833333333332 0.12604166666666666 0.09166666666666666
18 0.74375 0.06041666666666667 0.259375 0.11979166666666667
12 0.38958333333333334 0.13125 0.20625 0.08125
14 0.39166666666666666 0.246875 0.21458333333333332 0.08020833333333334
15 0.6895833333333333 0.6375 0.22395833333333334 0.140625
11 0.6541666666666667 0.2 0.07291666666666667 0.14583333333333334
9 0.65625 0.3458333333333333 0.20208333333333334 0.09895833333333333
3 0.36875 0.4010416666666667 0.3302083333333333 0.09895833333333333
5 0.375 0.54375 0.22083333333333333 0.10416666666666667
1 0.6739583333333333 0.5072916666666667 0.23125 0.08854166666666667
20 0.3625 0.7604166666666666 0.303125 0.21666666666666667