10 0.8270833333333333 0.7854166666666667 0.08958333333333333 0.15416666666666667
3 0.6833333333333333 0.7958333333333333 0.09895833333333333 0.24375
7 0.44895833333333335 0.778125 0.20625 0.19375
17 0.21875 0.775 0.15520833333333334 0.203125
6 0.051041666666666666 0.6010416666666667 0.10104166666666667 0.10416666666666667
11 0.165625 0.509375 0.075 0.13333333333333333
2 0.29375 0.5270833333333333 0.075 0.22604166666666667
13 0.4822916666666667 0.5135416666666667 0.10208333333333333 0.146875
0 0.66875 0.5333333333333333 0.1875 0.234375
20 0.8770833333333333 0.5541666666666667 0.16875 0.18541666666666667
19 0.18020833333333333 0.353125 0.06666666666666667 0.10520833333333333
12 0.04791666666666667 0.35520833333333335 0.09583333333333334 0.13958333333333334
9 0.35 0.30833333333333335 0.17395833333333333 0.16979166666666667
5 0.559375 0.2989583333333333 0.13229166666666667 0.165625
18 0.790625 0.3 0.175 0.196875