15 0.328125 0.33229166666666665 0.15 0.2625
17 0.8125 0.3697916666666667 0.140625 0.3614583333333333
2 0.6604166666666667 0.3927083333333333 0.08958333333333333 0.415625
0 0.7447916666666666 0.7041666666666667 0.12604166666666666 0.34791666666666665
18 0.559375 0.7302083333333333 0.14375 0.278125
13 0.36770833333333336 0.6625 0.19375 0.12708333333333333
19 0.37083333333333335 0.8041666666666667 0.07291666666666667 0.16666666666666666
12 0.48854166666666665 0.3416666666666667 0.08229166666666667 0.24895833333333334
20 0.19166666666666668 0.684375 0.15625 0.2833333333333333
1 0.05625 0.640625 0.071875 0.20520833333333333
11 0.08333333333333333 0.2875 0.07708333333333334 0.228125