7 0.2552083333333333 0.428125 0.22395833333333334 0.12604166666666666
5 0.74375 0.4947916666666667 0.1875 0.11770833333333333
4 0.5135416666666667 0.584375 0.19166666666666668 0.12083333333333333
20 0.50625 0.4395833333333333 0.21458333333333332 0.11875
6 0.20104166666666667 0.275 0.17708333333333334 0.10208333333333333
10 0.46041666666666664 0.1375 0.15104166666666666 0.05520833333333333
8 0.47291666666666665 0.041666666666666664 0.1875 0.08333333333333333
3 0.20625 0.15104166666666666 0.29375 0.058333333333333334
1 0.7229166666666667 0.38958333333333334 0.18125 0.05416666666666667
14 0.24583333333333332 0.546875 0.19479166666666667 0.06354166666666666
12 0.471875 0.24375 0.165625 0.08125
18 0.24895833333333334 0.6697916666666667 0.23125 0.12291666666666666
9 0.5145833333333333 0.75 0.21041666666666667 0.09895833333333333
0 0.7302083333333333 0.28229166666666666 0.24166666666666667 0.10416666666666667
11 0.19479166666666667 0.06354166666666666 0.196875 0.06770833333333333
19 0.484375 0.33125 0.115625 0.0625
17 0.70625 0.14791666666666667 0.23333333333333334 0.11354166666666667
13 0.75 0.68125 0.19895833333333332 0.078125