7 0.18020833333333333 0.37604166666666666 0.3125 0.1625
5 0.8614583333333333 0.265625 0.27708333333333335 0.15208333333333332
4 0.515625 0.11979166666666667 0.2635416666666667 0.18958333333333333
20 0.525 0.3614583333333333 0.26979166666666665 0.14375
6 0.15416666666666667 0.603125 0.14895833333333333 0.115625
2 0.834375 0.9322916666666666 0.32708333333333334 0.115625
10 0.49895833333333334 0.7625 0.21458333333333332 0.0625
8 0.5552083333333333 0.9 0.2 0.14375
3 0.17708333333333334 0.7489583333333333 0.353125 0.08854166666666667
1 0.8510416666666667 0.4197916666666667 0.259375 0.057291666666666664
14 0.146875 0.196875 0.29270833333333335 0.09270833333333334
12 0.5083333333333333 0.63125 0.21770833333333334 0.0875
18 0.15625 0.0625 0.3125 0.125
0 0.8385416666666666 0.5729166666666666 0.3229166666666667 0.12916666666666668
11 0.16041666666666668 0.859375 0.25416666666666665 0.07083333333333333
19 0.5010416666666667 0.4979166666666667 0.17083333333333334 0.09479166666666666
17 0.828125 0.7385416666666667 0.33958333333333335 0.16354166666666667