7 0.2552083333333333 0.19375 0.27395833333333336 0.28020833333333334
5 0.09583333333333334 0.784375 0.19166666666666668 0.24791666666666667
20 0.21458333333333332 0.478125 0.23333333333333334 0.25416666666666665
6 0.61875 0.17916666666666667 0.21354166666666666 0.196875
10 0.8395833333333333 0.48541666666666666 0.11875 0.17291666666666666
3 0.85 0.20208333333333334 0.15416666666666667 0.321875
1 0.30416666666666664 0.7885416666666667 0.12916666666666668 0.2
12 0.64375 0.4864583333333333 0.128125 0.19270833333333334
0 0.5322916666666667 0.8 0.21041666666666667 0.30833333333333335
11 0.9625 0.20208333333333334 0.075 0.20625
19 0.45729166666666665 0.47604166666666664 0.128125 0.14270833333333333
17 0.8104166666666667 0.7864583333333334 0.2604166666666667 0.284375