7 0.9354166666666667 0.6947916666666667 0.12916666666666668 0.2375
5 0.69375 0.421875 0.14895833333333333 0.1625
20 0.6854166666666667 0.6666666666666666 0.20208333333333334 0.23958333333333334
2 0.2375 0.8604166666666667 0.159375 0.2791666666666667
10 0.39166666666666666 0.4354166666666667 0.08125 0.140625
3 0.459375 0.8729166666666667 0.121875 0.253125
1 0.5010416666666667 0.44375 0.071875 0.15416666666666667
12 0.8166666666666667 0.9354166666666667 0.14895833333333333 0.12916666666666668
9 0.36041666666666666 0.603125 0.15208333333333332 0.184375
0 0.9364583333333333 0.43020833333333336 0.12604166666666666 0.22604166666666667
19 0.6489583333333333 0.9416666666666667 0.12083333333333333 0.115625
13 0.2677083333333333 0.41354166666666664 0.10208333333333333 0.15833333333333333