17 0.22916666666666666 0.22083333333333333 0.23854166666666668 0.19791666666666666
7 0.4666666666666667 0.23854166666666668 0.17291666666666666 0.18958333333333333
0 0.4479166666666667 0.4395833333333333 0.203125 0.14375
6 0.2125 0.403125 0.11979166666666667 0.11354166666666667
8 0.240625 0.5895833333333333 0.15 0.12395833333333334
18 0.475 0.628125 0.1625 0.1625
12 0.228125 0.7510416666666667 0.15833333333333333 0.10625
14 0.23645833333333333 0.9072916666666667 0.14270833333333333 0.08333333333333333
11 0.4166666666666667 0.81875 0.04375 0.17395833333333333
19 0.5020833333333333 0.7927083333333333 0.051041666666666666 0.12395833333333334
10 0.5197916666666667 0.9416666666666667 0.035416666666666666 0.115625
9 0.409375 0.9614583333333333 0.14166666666666666 0.07604166666666666