7 0.9354166666666667 0.30520833333333336 0.12916666666666668 0.2375
5 0.69375 0.578125 0.14895833333333333 0.1625
20 0.6854166666666667 0.3333333333333333 0.20208333333333334 0.23958333333333334
2 0.2375 0.13958333333333334 0.159375 0.2791666666666667
10 0.39166666666666666 0.5645833333333333 0.08125 0.140625
3 0.459375 0.12708333333333333 0.121875 0.253125
1 0.5010416666666667 0.55625 0.071875 0.15416666666666667
12 0.8166666666666667 0.06458333333333334 0.14895833333333333 0.12916666666666668
9 0.36041666666666666 0.396875 0.15208333333333332 0.184375
0 0.9364583333333333 0.5697916666666667 0.12604166666666666 0.22604166666666667
19 0.6489583333333333 0.058333333333333334 0.12083333333333333 0.115625
13 0.2677083333333333 0.5864583333333333 0.10208333333333333 0.15833333333333333