7 0.33541666666666664 0.8510416666666667 0.16875 0.059375
13 0.5041666666666667 0.8291666666666667 0.13958333333333334 0.03854166666666667
17 0.5708333333333333 0.7645833333333333 0.178125 0.08333333333333333
10 0.3770833333333333 0.784375 0.04375 0.0625
3 0.3625 0.7208333333333333 0.21041666666666667 0.03854166666666667
14 0.384375 0.6729166666666667 0.171875 0.04791666666666667
5 0.384375 0.6125 0.17604166666666668 0.07291666666666667
11 0.49166666666666664 0.559375 0.06875 0.103125
1 0.6072916666666667 0.675 0.071875 0.09375
0 0.6416666666666667 0.5822916666666667 0.22395833333333334 0.06770833333333333
19 0.665625 0.5197916666666667 0.09479166666666666 0.04375
8 0.5354166666666667 0.46770833333333334 0.15416666666666667 0.06666666666666667
9 0.33541666666666664 0.440625 0.159375 0.08541666666666667
2 0.40625 0.3541666666666667 0.24791666666666667 0.06354166666666666
12 0.40520833333333334 0.23020833333333332 0.16770833333333332 0.08125
6 0.4041666666666667 0.1125 0.15520833333333334 0.096875
20 0.7270833333333333 0.415625 0.20729166666666668 0.09270833333333334
18 0.69375 0.275 0.22395833333333334 0.13645833333333332
15 0.6979166666666666 0.115625 0.21354166666666666 0.13125