7 0.48333333333333334 0.5802083333333333 0.09583333333333334 0.190625
5 0.5947916666666667 0.3572916666666667 0.08229166666666667 0.14791666666666667
15 0.22395833333333334 0.80625 0.10833333333333334 0.19270833333333334
4 0.35104166666666664 0.596875 0.1 0.13541666666666666
20 0.6083333333333333 0.5614583333333333 0.08958333333333333 0.175
6 0.4791666666666667 0.79375 0.075 0.13125
2 0.7947916666666667 0.7322916666666667 0.05625 0.24895833333333334
10 0.7427083333333333 0.3802083333333333 0.035416666666666666 0.11041666666666666
8 0.23125 0.609375 0.090625 0.17083333333333334
3 0.7114583333333333 0.7385416666666667 0.05 0.23645833333333333
1 0.6885416666666667 0.390625 0.0375 0.12708333333333333
14 0.39375 0.8041666666666667 0.05416666666666667 0.16145833333333334
12 0.5583333333333333 0.7822916666666667 0.059375 0.14166666666666666
18 0.2375 0.41354166666666664 0.08541666666666667 0.17291666666666666
9 0.759375 0.5229166666666667 0.07291666666666667 0.13958333333333334
0 0.4739583333333333 0.36770833333333336 0.07708333333333334 0.196875
11 0.3375 0.7979166666666667 0.04791666666666667 0.14375
19 0.6354166666666666 0.7791666666666667 0.04479166666666667 0.10520833333333333
17 0.3625 0.384375 0.10520833333333333 0.19479166666666667
13 0.8020833333333334 0.3614583333333333 0.04375 0.13645833333333332