0 0.20625 0.42291666666666666 0.12083333333333333 0.2989583333333333
17 0.17395833333333333 0.7447916666666666 0.13645833333333332 0.30104166666666665
18 0.37395833333333334 0.38125 0.14166666666666666 0.25
2 0.30625 0.696875 0.08229166666666667 0.34375
12 0.4510416666666667 0.7364583333333333 0.08958333333333333 0.21666666666666667
15 0.5875 0.7177083333333333 0.134375 0.24375
19 0.5354166666666667 0.29375 0.06875 0.12916666666666668
13 0.5375 0.43854166666666666 0.16666666666666666 0.109375
20 0.7083333333333334 0.40625 0.140625 0.26145833333333335
1 0.828125 0.4166666666666667 0.06041666666666667 0.20833333333333334
11 0.8041666666666667 0.7364583333333333 0.06979166666666667 0.21458333333333332
14 0.865625 0.7333333333333333 0.058333333333333334 0.20729166666666668
14 0.95 0.7322916666666667 0.09895833333333333 0.34791666666666665
6 0.921875 0.41875 0.09895833333333333 0.14479166666666668