7 0.371875 0.26979166666666665 0.11041666666666666 0.20833333333333334
5 0.328125 0.6791666666666667 0.08541666666666667 0.16979166666666667
15 0.7770833333333333 0.234375 0.10416666666666667 0.17604166666666668
4 0.2520833333333333 0.4822916666666667 0.11145833333333334 0.165625
20 0.371875 0.47708333333333336 0.09375 0.17291666666666666
6 0.5145833333333333 0.23125 0.07916666666666666 0.14895833333333333
2 0.7604166666666666 0.6645833333333333 0.051041666666666666 0.2375
10 0.628125 0.45208333333333334 0.04583333333333333 0.12604166666666666
8 0.7208333333333333 0.4708333333333333 0.09583333333333334 0.16145833333333334
3 0.6052083333333333 0.23125 0.05416666666666667 0.23958333333333334
1 0.4166666666666667 0.6739583333333333 0.04375 0.14895833333333333
14 0.271875 0.2635416666666667 0.04791666666666667 0.16458333333333333
12 0.5427083333333333 0.4552083333333333 0.057291666666666664 0.13333333333333333
18 0.18333333333333332 0.2677083333333333 0.10833333333333334 0.19583333333333333
9 0.11354166666666667 0.47708333333333336 0.09375 0.16666666666666666
0 0.515625 0.6854166666666667 0.09166666666666666 0.21458333333333332
11 0.678125 0.21979166666666666 0.052083333333333336 0.16770833333333332
19 0.4635416666666667 0.45625 0.04375 0.11145833333333334
17 0.6322916666666667 0.6708333333333333 0.1125 0.22083333333333333
13 0.17291666666666666 0.6770833333333334 0.0625 0.14166666666666666