7 0.8072916666666666 0.328125 0.28125 0.15833333333333333
5 0.16354166666666667 0.41458333333333336 0.26666666666666666 0.15104166666666666
4 0.4708333333333333 0.521875 0.23958333333333334 0.165625
20 0.4864583333333333 0.33125 0.2677083333333333 0.13854166666666667
6 0.8479166666666667 0.134375 0.196875 0.11979166666666667
1 0.18541666666666667 0.2677083333333333 0.24479166666666666 0.075
14 0.8229166666666666 0.4822916666666667 0.24166666666666667 0.07395833333333333
12 0.521875 0.08541666666666667 0.21354166666666666 0.09479166666666666
18 0.8104166666666667 0.6385416666666667 0.30625 0.15416666666666667
9 0.49166666666666664 0.7541666666666667 0.24375 0.109375
0 0.171875 0.13854166666666667 0.30625 0.13229166666666667
19 0.5166666666666667 0.19583333333333333 0.15104166666666666 0.09375
13 0.16041666666666668 0.65625 0.23854166666666668 0.07291666666666667