15 0.628125 0.6916666666666667 0.15625 0.27708333333333335
13 0.775 0.640625 0.09479166666666666 0.2635416666666667
20 0.76875 0.3020833333333333 0.13541666666666666 0.3104166666666667
3 0.5947916666666667 0.2875 0.08541666666666667 0.4270833333333333
14 0.49375 0.28958333333333336 0.08125 0.2760416666666667
5 0.32708333333333334 0.30520833333333336 0.12708333333333333 0.3125
2 0.09479166666666666 0.3177083333333333 0.11770833333333333 0.46979166666666666
11 0.09895833333333333 0.653125 0.196875 0.11875
10 0.28020833333333334 0.8552083333333333 0.15833333333333333 0.1
19 0.10416666666666667 0.81875 0.1375 0.11770833333333333
9 0.28229166666666666 0.6625 0.13229166666666667 0.23229166666666667
1 0.49166666666666664 0.6770833333333334 0.08229166666666667 0.23958333333333334