7 0.10208333333333333 0.5197916666666667 0.20416666666666666 0.26458333333333334
5 0.384375 0.21666666666666667 0.178125 0.20625
20 0.396875 0.48854166666666665 0.19375 0.2520833333333333
6 0.084375 0.7916666666666666 0.16770833333333332 0.190625
2 0.828125 0.7114583333333333 0.15104166666666666 0.321875
10 0.7260416666666667 0.23958333333333334 0.08333333333333333 0.16354166666666667
3 0.61875 0.7239583333333334 0.14895833333333333 0.31666666666666665
1 0.5947916666666667 0.25 0.08125 0.18020833333333333
12 0.26979166666666665 0.7791666666666667 0.13125 0.19791666666666666
9 0.7479166666666667 0.43645833333333334 0.17916666666666667 0.19583333333333333
0 0.10104166666666667 0.22291666666666668 0.19791666666666666 0.24791666666666667
19 0.4375 0.771875 0.11875 0.15104166666666666
13 0.865625 0.215625 0.10520833333333333 0.17708333333333334