7 0.5166666666666667 0.5802083333333333 0.09583333333333334 0.190625
5 0.40520833333333334 0.3572916666666667 0.08229166666666667 0.14791666666666667
15 0.7760416666666666 0.80625 0.10833333333333334 0.19270833333333334
4 0.6489583333333333 0.596875 0.1 0.13541666666666666
20 0.39166666666666666 0.5614583333333333 0.08958333333333333 0.175
6 0.5208333333333334 0.79375 0.075 0.13125
2 0.20520833333333333 0.7322916666666667 0.05625 0.24895833333333334
10 0.25729166666666664 0.3802083333333333 0.035416666666666666 0.11041666666666666
8 0.76875 0.609375 0.090625 0.17083333333333334
3 0.28854166666666664 0.7385416666666667 0.05 0.23645833333333333
1 0.31145833333333334 0.390625 0.0375 0.12708333333333333
14 0.60625 0.8041666666666667 0.05416666666666667 0.16145833333333334
12 0.44166666666666665 0.7822916666666667 0.059375 0.14166666666666666
18 0.7625 0.41354166666666664 0.08541666666666667 0.17291666666666666
9 0.240625 0.5229166666666667 0.07291666666666667 0.13958333333333334
0 0.5260416666666666 0.36770833333333336 0.07708333333333334 0.196875
11 0.6625 0.7979166666666667 0.04791666666666667 0.14375
19 0.3645833333333333 0.7791666666666667 0.04479166666666667 0.10520833333333333
17 0.6375 0.384375 0.10520833333333333 0.19479166666666667
13 0.19791666666666666 0.3614583333333333 0.04375 0.13645833333333332