7 0.5395833333333333 0.6760416666666667 0.20729166666666668 0.20208333333333334
5 0.4197916666666667 0.215625 0.19895833333333332 0.18958333333333333
4 0.25 0.440625 0.25416666666666665 0.175
20 0.5166666666666667 0.45625 0.17395833333333333 0.19166666666666668
6 0.7885416666666667 0.7020833333333333 0.16875 0.14166666666666666
10 0.975 0.484375 0.05 0.14270833333333333
3 0.94375 0.7125 0.11145833333333334 0.23854166666666668
1 0.615625 0.2375 0.11458333333333333 0.1875
14 0.3302083333333333 0.6989583333333333 0.12083333333333333 0.19270833333333334
12 0.8395833333333333 0.48125 0.10833333333333334 0.15520833333333334
18 0.13333333333333333 0.690625 0.21666666666666667 0.22916666666666666
0 0.775 0.21979166666666666 0.184375 0.25625
19 0.703125 0.46979166666666666 0.09166666666666666 0.11458333333333333
17 0.953125 0.2375 0.09270833333333334 0.23541666666666666
13 0.078125 0.20104166666666667 0.11458333333333333 0.17291666666666666