7 0.71875 0.5354166666666667 0.26145833333333335 0.2708333333333333
5 0.9520833333333333 0.796875 0.09479166666666666 0.19166666666666668
4 0.36875 0.5239583333333333 0.30416666666666664 0.21145833333333333
6 0.6854166666666667 0.203125 0.25 0.24375
8 0.09166666666666666 0.51875 0.18229166666666666 0.215625
14 0.4375 0.209375 0.1875 0.2625
12 0.93125 0.22083333333333333 0.1375 0.24895833333333334
18 0.134375 0.7364583333333333 0.18854166666666666 0.18125
0 0.6760416666666667 0.784375 0.19166666666666668 0.23854166666666668
11 0.22083333333333333 0.215625 0.16145833333333334 0.271875
17 0.415625 0.7625 0.21041666666666667 0.20104166666666667