7 0.21458333333333332 0.703125 0.19895833333333332 0.17395833333333333
5 0.6427083333333333 0.56875 0.17604166666666668 0.15833333333333333
4 0.4375 0.43020833333333336 0.165625 0.20729166666666668
20 0.4427083333333333 0.66875 0.18645833333333334 0.14895833333333333
6 0.18541666666666667 0.9270833333333334 0.15416666666666667 0.14583333333333334
1 0.6302083333333334 0.734375 0.15208333333333332 0.075
14 0.19895833333333332 0.5052083333333334 0.165625 0.090625
12 0.41770833333333335 0.95 0.13333333333333333 0.09895833333333333
18 0.19895833333333332 0.32395833333333335 0.20833333333333334 0.190625
9 0.4239583333333333 0.18958333333333333 0.16979166666666667 0.17395833333333333
0 0.6447916666666667 0.890625 0.209375 0.1375
19 0.41770833333333335 0.8333333333333334 0.10833333333333334 0.115625
13 0.6375 0.28020833333333334 0.16666666666666666 0.09791666666666667