7 0.7229166666666667 0.578125 0.21875 0.11354166666666667
5 0.33541666666666664 0.6114583333333333 0.15416666666666667 0.090625
15 0.7739583333333333 0.19166666666666668 0.184375 0.121875
4 0.5177083333333333 0.696875 0.14791666666666667 0.12916666666666668
20 0.525 0.58125 0.184375 0.109375
2 0.36354166666666665 0.20520833333333333 0.21145833333333333 0.05416666666666667
10 0.5677083333333334 0.328125 0.14375 0.04375
8 0.5416666666666666 0.23854166666666668 0.13958333333333334 0.08125
3 0.76875 0.35520833333333335 0.24583333333333332 0.08854166666666667
1 0.34479166666666666 0.5229166666666667 0.13229166666666667 0.04791666666666667
14 0.7208333333333333 0.6697916666666667 0.14479166666666668 0.059375
12 0.553125 0.4083333333333333 0.1375 0.057291666666666664
18 0.715625 0.7645833333333333 0.1875 0.10625
9 0.5166666666666667 0.8208333333333333 0.15520833333333334 0.08645833333333333
0 0.3385416666666667 0.43645833333333334 0.21041666666666667 0.09375
11 0.790625 0.2864583333333333 0.175 0.053125
19 0.5395833333333333 0.49166666666666664 0.09895833333333333 0.05
17 0.35625 0.32083333333333336 0.196875 0.10520833333333333
13 0.3104166666666667 0.75625 0.14791666666666667 0.06666666666666667