12 0.29583333333333334 0.91875 0.14166666666666666 0.11875
19 0.3 0.7572916666666667 0.10520833333333333 0.1
9 0.2635416666666667 0.5604166666666667 0.16458333333333333 0.16666666666666666
5 0.2708333333333333 0.35208333333333336 0.165625 0.15
2 0.4895833333333333 0.6322916666666667 0.246875 0.11458333333333333
13 0.4947916666666667 0.4395833333333333 0.17916666666666667 0.10729166666666666
0 0.525 0.25625 0.23645833333333333 0.19895833333333332
11 0.4666666666666667 0.7885416666666667 0.153125 0.09166666666666666
18 0.2864583333333333 0.10520833333333333 0.2 0.17916666666666667
10 0.8 0.121875 0.16354166666666667 0.075
3 0.7979166666666667 0.27291666666666664 0.25104166666666666 0.090625
7 0.7739583333333333 0.5 0.209375 0.240625
17 0.759375 0.7729166666666667 0.225 0.19375
6 0.56875 0.9333333333333333 0.12604166666666666 0.13020833333333334
14 0.7729166666666667 0.9625 0.16979166666666667 0.075