7 0.109375 0.4625 0.121875 0.20208333333333334
17 0.09166666666666666 0.20416666666666666 0.109375 0.2375
6 0.22083333333333333 0.190625 0.08541666666666667 0.12604166666666666
0 0.24895833333333334 0.44895833333333335 0.08958333333333333 0.22395833333333334
18 0.371875 0.48854166666666665 0.10625 0.17916666666666667
8 0.33958333333333335 0.23229166666666667 0.08229166666666667 0.17083333333333334
12 0.4375 0.23020833333333332 0.065625 0.15208333333333332
19 0.46770833333333334 0.5229166666666667 0.07604166666666666 0.07291666666666667
11 0.484375 0.42604166666666665 0.10729166666666666 0.06875
10 0.5708333333333333 0.553125 0.09791666666666667 0.046875
9 0.584375 0.4354166666666667 0.07395833333333333 0.14583333333333334
14 0.528125 0.23854166666666668 0.04895833333333333 0.16875
3 0.6395833333333333 0.225 0.06770833333333333 0.24166666666666667
1 0.6802083333333333 0.45416666666666666 0.03854166666666667 0.14270833333333333
5 0.73125 0.24479166666666666 0.09375 0.18958333333333333
20 0.8697916666666666 0.24791666666666667 0.09375 0.196875
15 0.8333333333333334 0.49166666666666664 0.13333333333333333 0.11458333333333333