7 0.753125 0.7166666666666667 0.22708333333333333 0.215625
5 0.89375 0.240625 0.20416666666666666 0.21041666666666667
20 0.76875 0.48541666666666666 0.175 0.19270833333333334
6 0.446875 0.7427083333333333 0.1875 0.15416666666666667
2 0.04791666666666667 0.24895833333333334 0.09583333333333334 0.2604166666666667
10 0.259375 0.4947916666666667 0.08958333333333333 0.15729166666666666
8 0.096875 0.46770833333333334 0.178125 0.16875
3 0.290625 0.7302083333333333 0.13541666666666666 0.2875
1 0.6958333333333333 0.24791666666666667 0.10104166666666667 0.175
14 0.9635416666666666 0.7447916666666666 0.071875 0.19270833333333334
12 0.42291666666666666 0.4895833333333333 0.11666666666666667 0.16666666666666666
0 0.5 0.240625 0.171875 0.259375
11 0.13854166666666667 0.7395833333333334 0.1125 0.18229166666666666
19 0.5802083333333333 0.49270833333333336 0.09791666666666667 0.1125
17 0.2708333333333333 0.24375 0.20833333333333334 0.22604166666666667