0 0.20625 0.5770833333333333 0.12083333333333333 0.2989583333333333
17 0.17395833333333333 0.2552083333333333 0.13645833333333332 0.30104166666666665
18 0.37395833333333334 0.61875 0.14166666666666666 0.25
2 0.30625 0.303125 0.08229166666666667 0.34375
12 0.4510416666666667 0.2635416666666667 0.08958333333333333 0.21666666666666667
15 0.5875 0.28229166666666666 0.134375 0.24375
19 0.5354166666666667 0.70625 0.06875 0.12916666666666668
13 0.5375 0.5614583333333333 0.16666666666666666 0.109375
20 0.7083333333333334 0.59375 0.140625 0.26145833333333335
1 0.828125 0.5833333333333334 0.06041666666666667 0.20833333333333334
11 0.8041666666666667 0.2635416666666667 0.06979166666666667 0.21458333333333332
14 0.865625 0.26666666666666666 0.058333333333333334 0.20729166666666668
14 0.95 0.2677083333333333 0.09895833333333333 0.34791666666666665
6 0.921875 0.58125 0.09895833333333333 0.14479166666666668