12 0.665625 0.16770833333333332 0.196875 0.14479166666666668
2 0.665625 0.315625 0.33541666666666664 0.13541666666666666
5 0.6666666666666666 0.625 0.25104166666666666 0.246875
14 0.6708333333333333 0.8583333333333333 0.19895833333333332 0.08645833333333333
1 0.37916666666666665 0.8052083333333333 0.20833333333333334 0.11354166666666667
10 0.23958333333333334 0.5427083333333333 0.10104166666666667 0.24375
11 0.39791666666666664 0.309375 0.090625 0.26458333333333334
9 0.3927083333333333 0.559375 0.18854166666666666 0.175
19 0.26458333333333334 0.27708333333333335 0.07604166666666666 0.17916666666666667
18 0.309375 0.08333333333333333 0.240625 0.16666666666666666
15 0.3572916666666667 0.940625 0.20625 0.11875
3 0.6666666666666666 0.959375 0.30520833333333336 0.08125