17 0.07916666666666666 0.834375 0.10416666666666667 0.19166666666666668
7 0.09583333333333334 0.58125 0.10729166666666666 0.18229166666666666
0 0.23541666666666666 0.5947916666666667 0.0875 0.21770833333333334
6 0.209375 0.85 0.08229166666666667 0.11770833333333333
18 0.35833333333333334 0.5552083333333333 0.08958333333333333 0.16770833333333332
8 0.32708333333333334 0.8041666666666667 0.08854166666666667 0.15833333333333333
12 0.42291666666666666 0.8052083333333333 0.06979166666666667 0.15104166666666666
19 0.4510416666666667 0.5072916666666667 0.07708333333333334 0.06145833333333333
11 0.4708333333333333 0.6114583333333333 0.11145833333333334 0.07916666666666666
14 0.51875 0.7958333333333333 0.052083333333333336 0.18645833333333334
10 0.559375 0.478125 0.10625 0.053125
9 0.5677083333333334 0.59375 0.075 0.13958333333333334
3 0.6291666666666667 0.8114583333333333 0.06354166666666666 0.259375
1 0.66875 0.5708333333333333 0.04583333333333333 0.146875
15 0.7541666666666667 0.5552083333333333 0.09895833333333333 0.15520833333333334
5 0.725 0.7822916666666667 0.09375 0.18020833333333333
20 0.8677083333333333 0.7802083333333333 0.09895833333333333 0.2