10 0.40729166666666666 0.86875 0.21041666666666667 0.05520833333333333
3 0.703125 0.8208333333333333 0.359375 0.07395833333333333
14 0.6875 0.7395833333333334 0.259375 0.06979166666666667
15 0.6760416666666667 0.60625 0.28229166666666666 0.1125
11 0.7385416666666667 0.4354166666666667 0.26979166666666665 0.08125
17 0.7239583333333334 0.26979166666666665 0.3229166666666667 0.16875
2 0.740625 0.10625 0.421875 0.12395833333333334
13 0.42291666666666666 0.3854166666666667 0.134375 0.18229166666666666
19 0.27291666666666664 0.36875 0.16458333333333333 0.09479166666666666
20 0.37395833333333334 0.5416666666666666 0.27395833333333336 0.12083333333333333
1 0.384375 0.6791666666666667 0.23125 0.051041666666666666
6 0.37083333333333335 0.771875 0.17395833333333333 0.11666666666666667