7 0.8197916666666667 0.37604166666666666 0.3125 0.1625
5 0.13854166666666667 0.265625 0.27708333333333335 0.15208333333333332
4 0.484375 0.11979166666666667 0.2635416666666667 0.18958333333333333
20 0.475 0.3614583333333333 0.26979166666666665 0.14375
6 0.8458333333333333 0.603125 0.14895833333333333 0.115625
2 0.165625 0.9322916666666666 0.32708333333333334 0.115625
10 0.5010416666666667 0.7625 0.21458333333333332 0.0625
8 0.44479166666666664 0.9 0.2 0.14375
3 0.8229166666666666 0.7489583333333333 0.353125 0.08854166666666667
1 0.14895833333333333 0.4197916666666667 0.259375 0.057291666666666664
14 0.853125 0.196875 0.29270833333333335 0.09270833333333334
12 0.49166666666666664 0.63125 0.21770833333333334 0.0875
18 0.84375 0.0625 0.3125 0.125
0 0.16145833333333334 0.5729166666666666 0.3229166666666667 0.12916666666666668
11 0.8395833333333333 0.859375 0.25416666666666665 0.07083333333333333
19 0.49895833333333334 0.4979166666666667 0.17083333333333334 0.09479166666666666
17 0.171875 0.7385416666666667 0.33958333333333335 0.16354166666666667