1 0.5135416666666667 0.2864583333333333 0.12708333333333333 0.05416666666666667
10 0.43125 0.4822916666666667 0.042708333333333334 0.15208333333333332
11 0.5447916666666667 0.6333333333333333 0.04895833333333333 0.165625
8 0.7395833333333334 0.8625 0.14791666666666667 0.12916666666666668
0 0.5375 0.965625 0.18645833333333334 0.06875
18 0.5052083333333334 0.8145833333333333 0.16875 0.15833333333333333
19 0.4635416666666667 0.6552083333333333 0.05520833333333333 0.12916666666666668
14 0.7239583333333334 0.5541666666666667 0.14375 0.08229166666666667
9 0.53125 0.459375 0.12083333333333333 0.12916666666666668
3 0.73125 0.36875 0.23541666666666666 0.11458333333333333
5 0.7125 0.203125 0.15729166666666666 0.15625
15 0.4895833333333333 0.14791666666666667 0.140625 0.14583333333333334