6 0.20625 0.31145833333333334 0.0875 0.1375
12 0.31354166666666666 0.2916666666666667 0.075 0.17916666666666667
8 0.21458333333333332 0.5729166666666666 0.12395833333333334 0.22916666666666666
9 0.36875 0.5583333333333333 0.12916666666666668 0.20729166666666668
18 0.446875 0.30625 0.11770833333333333 0.24895833333333334
7 0.5489583333333333 0.6020833333333333 0.12916666666666668 0.2604166666666667
0 0.6052083333333333 0.2989583333333333 0.0875 0.27395833333333336
3 0.8166666666666667 0.409375 0.09375 0.3125
10 0.7989583333333333 0.6822916666666666 0.053125 0.196875
11 0.7416666666666667 0.7177083333333333 0.04583333333333333 0.20208333333333334
19 0.6854166666666667 0.5739583333333333 0.07291666666666667 0.12083333333333333