5 0.7854166666666667 0.7489583333333333 0.18541666666666667 0.20104166666666667
0 0.8666666666666667 0.4864583333333333 0.159375 0.25416666666666665
3 0.859375 0.19895833333333332 0.09270833333333334 0.253125
7 0.609375 0.23125 0.21458333333333332 0.203125
13 0.675 0.5197916666666667 0.1 0.19583333333333333
9 0.55625 0.753125 0.1625 0.17708333333333334
2 0.4791666666666667 0.5083333333333333 0.08541666666666667 0.2708333333333333
17 0.32708333333333334 0.24895833333333334 0.196875 0.23020833333333332
14 0.128125 0.22708333333333333 0.09583333333333334 0.17395833333333333
6 0.16145833333333334 0.453125 0.165625 0.14166666666666666
11 0.3177083333333333 0.5479166666666667 0.08229166666666667 0.140625
19 0.340625 0.71875 0.10520833333333333 0.121875
12 0.16666666666666666 0.725 0.128125 0.146875