8 0.7104166666666667 0.8989583333333333 0.23541666666666666 0.20208333333333334
18 0.36770833333333336 0.8375 0.2375 0.24895833333333334
12 0.7104166666666667 0.6739583333333333 0.23020833333333332 0.16041666666666668
11 0.4427083333333333 0.5697916666666667 0.06145833333333333 0.24583333333333332
19 0.3177083333333333 0.6010416666666667 0.090625 0.18854166666666666
14 0.690625 0.4583333333333333 0.21875 0.128125
9 0.43020833333333336 0.328125 0.20416666666666666 0.18020833333333333
10 0.2864583333333333 0.353125 0.06041666666666667 0.22083333333333333
3 0.7020833333333333 0.20416666666666666 0.3145833333333333 0.17083333333333334
1 0.4041666666666667 0.10104166666666667 0.18333333333333332 0.1
5 0.6864583333333333 0.04479166666666667 0.24583333333333332 0.08854166666666667