7 0.89375 0.5770833333333333 0.21145833333333333 0.25416666666666665
5 0.59375 0.2989583333333333 0.19166666666666668 0.18541666666666667
20 0.590625 0.5625 0.20520833333333333 0.228125
6 0.9229166666666667 0.8666666666666667 0.15416666666666667 0.19270833333333334
2 0.14791666666666667 0.8114583333333333 0.1625 0.359375
10 0.24583333333333332 0.32708333333333334 0.07291666666666667 0.15520833333333334
3 0.36666666666666664 0.803125 0.15104166666666666 0.34375
1 0.38645833333333335 0.33541666666666664 0.109375 0.17395833333333333
12 0.753125 0.8572916666666667 0.15833333333333333 0.2
9 0.225 0.5083333333333333 0.19375 0.16979166666666667
0 0.878125 0.3125 0.21354166666666666 0.25729166666666664
19 0.5708333333333333 0.8520833333333333 0.125 0.1625
13 0.10416666666666667 0.31666666666666665 0.13125 0.178125