7 0.7989583333333333 0.5145833333333333 0.25 0.2520833333333333
5 0.2552083333333333 0.365625 0.20416666666666666 0.19270833333333334
4 0.5229166666666667 0.18541666666666667 0.22395833333333334 0.278125
20 0.521875 0.4947916666666667 0.22916666666666666 0.22083333333333333
6 0.8239583333333333 0.840625 0.171875 0.15729166666666666
1 0.265625 0.5802083333333333 0.184375 0.10625
14 0.8239583333333333 0.2552083333333333 0.22395833333333334 0.10625
12 0.5375 0.8791666666666667 0.178125 0.12708333333333333
18 0.809375 0.08541666666666667 0.27708333333333335 0.17083333333333334
0 0.24895833333333334 0.771875 0.275 0.22083333333333333
19 0.540625 0.696875 0.12708333333333333 0.12916666666666668