15 0.23854166666666668 0.6895833333333333 0.22708333333333333 0.20208333333333334
6 0.803125 0.703125 0.19479166666666667 0.16145833333333334
2 0.30104166666666665 0.14895833333333333 0.11770833333333333 0.26666666666666666
10 0.5645833333333333 0.446875 0.103125 0.17916666666666667
8 0.36354166666666665 0.39791666666666664 0.184375 0.178125
3 0.621875 0.7104166666666667 0.13125 0.30416666666666664
12 0.7489583333333333 0.4322916666666667 0.11875 0.16458333333333333
0 0.8229166666666666 0.15520833333333334 0.1875 0.28020833333333334
11 0.4375 0.7083333333333334 0.10208333333333333 0.19791666666666666
19 0.9302083333333333 0.440625 0.12604166666666666 0.15416666666666667
17 0.5802083333333333 0.16354166666666667 0.25416666666666665 0.26979166666666665