5 0.9291666666666667 0.73125 0.14166666666666666 0.2552083333333333
0 0.7229166666666667 0.6833333333333333 0.12708333333333333 0.3302083333333333
17 0.778125 0.359375 0.140625 0.3375
2 0.640625 0.3958333333333333 0.11875 0.35520833333333335
18 0.5552083333333333 0.7114583333333333 0.14270833333333333 0.24791666666666667
12 0.49895833333333334 0.33125 0.07291666666666667 0.22291666666666668
19 0.375 0.7614583333333333 0.075 0.17395833333333333
13 0.3802083333333333 0.61875 0.184375 0.12708333333333333
15 0.34791666666666665 0.30625 0.14479166666666668 0.296875
11 0.14895833333333333 0.2604166666666667 0.05625 0.228125
20 0.209375 0.61875 0.12916666666666668 0.28125
1 0.090625 0.590625 0.06770833333333333 0.20520833333333333
14 0.08020833333333334 0.25416666666666665 0.05520833333333333 0.21979166666666666