7 0.5166666666666667 0.7875 0.2677083333333333 0.2635416666666667
5 0.3416666666666667 0.24270833333333333 0.19791666666666666 0.21458333333333332
4 0.18645833333333334 0.5197916666666667 0.27708333333333335 0.20520833333333333
20 0.4895833333333333 0.5041666666666667 0.23125 0.225
6 0.8416666666666667 0.80625 0.171875 0.196875
1 0.5645833333333333 0.25104166666666666 0.14895833333333333 0.178125
14 0.29270833333333335 0.815625 0.13854166666666667 0.21979166666666666
12 0.8677083333333333 0.51875 0.15520833333333334 0.17604166666666668
18 0.07604166666666666 0.81875 0.15208333333333332 0.271875
0 0.765625 0.225 0.18541666666666667 0.26145833333333335
19 0.7041666666666667 0.521875 0.1125 0.13229166666666667