7 0.10625 0.5770833333333333 0.21145833333333333 0.25416666666666665
5 0.40625 0.2989583333333333 0.19166666666666668 0.18541666666666667
20 0.409375 0.5625 0.20520833333333333 0.228125
6 0.07708333333333334 0.8666666666666667 0.15416666666666667 0.19270833333333334
2 0.8520833333333333 0.8114583333333333 0.1625 0.359375
10 0.7541666666666667 0.32708333333333334 0.07291666666666667 0.15520833333333334
3 0.6333333333333333 0.803125 0.15104166666666666 0.34375
1 0.6135416666666667 0.33541666666666664 0.109375 0.17395833333333333
12 0.246875 0.8572916666666667 0.15833333333333333 0.2
9 0.775 0.5083333333333333 0.19375 0.16979166666666667
0 0.121875 0.3125 0.21354166666666666 0.25729166666666664
19 0.42916666666666664 0.8520833333333333 0.125 0.1625
13 0.8958333333333334 0.31666666666666665 0.13125 0.178125