18 0.325 0.2625 0.16354166666666667 0.16354166666666667
20 0.575 0.20520833333333333 0.18645833333333334 0.16354166666666667
10 0.79375 0.228125 0.140625 0.08541666666666667
3 0.7895833333333333 0.41354166666666664 0.22916666666666666 0.08229166666666667
0 0.54375 0.39791666666666664 0.225 0.18958333333333333
5 0.3072916666666667 0.471875 0.15416666666666667 0.14791666666666667
9 0.309375 0.6708333333333333 0.15833333333333333 0.15833333333333333
13 0.528125 0.5979166666666667 0.178125 0.10729166666666666
7 0.759375 0.63125 0.19166666666666668 0.17708333333333334
2 0.5135416666666667 0.7322916666666667 0.22291666666666668 0.10625
19 0.3302083333333333 0.853125 0.10520833333333333 0.08541666666666667
11 0.47708333333333336 0.9 0.140625 0.075
17 0.7458333333333333 0.8822916666666667 0.22395833333333334 0.17604166666666668