7 0.5979166666666667 0.7427083333333333 0.11666666666666667 0.21979166666666666
5 0.6322916666666667 0.24895833333333334 0.1 0.209375
15 0.10208333333333333 0.840625 0.13125 0.23958333333333334
4 0.7395833333333334 0.484375 0.11770833333333333 0.20416666666666666
20 0.5947916666666667 0.49270833333333336 0.096875 0.21458333333333332
6 0.43020833333333336 0.8010416666666667 0.096875 0.17395833333333333
2 0.10625 0.31354166666666666 0.06458333333333334 0.284375
10 0.2864583333333333 0.565625 0.04791666666666667 0.16354166666666667
8 0.16979166666666667 0.5479166666666667 0.10833333333333334 0.2125
3 0.31979166666666664 0.809375 0.06354166666666666 0.2708333333333333
1 0.525 0.278125 0.05416666666666667 0.18125
14 0.7166666666666667 0.7458333333333333 0.052083333333333336 0.17291666666666666
12 0.38125 0.540625 0.058333333333333334 0.16666666666666666
18 0.8135416666666667 0.73125 0.125 0.22291666666666668
9 0.8947916666666667 0.484375 0.10416666666666667 0.21041666666666667
0 0.41354166666666664 0.2604166666666667 0.096875 0.26458333333333334
11 0.228125 0.8447916666666667 0.06145833333333333 0.19895833333333332
19 0.48125 0.5260416666666666 0.06041666666666667 0.1375
17 0.2625 0.284375 0.14375 0.26979166666666665
13 0.81875 0.25416666666666665 0.06770833333333333 0.19895833333333332