0 0.16875 0.69375 0.175 0.4114583333333333
18 0.39479166666666665 0.746875 0.17604166666666668 0.3385416666666667
6 0.11666666666666667 0.2625 0.12604166666666666 0.21145833333333333
8 0.3302083333333333 0.28958333333333336 0.16458333333333333 0.315625
9 0.7927083333333333 0.6322916666666667 0.14479166666666668 0.290625
19 0.5739583333333333 0.8072916666666666 0.15 0.14583333333333334
11 0.6052083333333333 0.6177083333333333 0.221875 0.15625
10 0.771875 0.85 0.190625 0.128125
5 0.8510416666666667 0.24479166666666666 0.17083333333333334 0.33645833333333336
2 0.6145833333333334 0.2677083333333333 0.103125 0.5
12 0.4875 0.26145833333333335 0.12083333333333333 0.2916666666666667