0 0.4739583333333333 0.878125 0.2375 0.17604166666666668
3 0.7145833333333333 0.85625 0.21875 0.08229166666666667
7 0.6979166666666666 0.6552083333333333 0.2125 0.18020833333333333
17 0.6885416666666667 0.42604166666666665 0.20520833333333333 0.19583333333333333
5 0.24375 0.796875 0.14895833333333333 0.1375
19 0.26875 0.434375 0.12395833333333334 0.07708333333333334
9 0.24583333333333332 0.6239583333333333 0.14895833333333333 0.11770833333333333
13 0.4625 0.6854166666666667 0.16458333333333333 0.10833333333333334
2 0.45416666666666666 0.5520833333333334 0.225 0.10520833333333333
11 0.42083333333333334 0.40625 0.13958333333333334 0.07083333333333333
6 0.5041666666666667 0.26145833333333335 0.13125 0.14270833333333333
14 0.6958333333333333 0.24583333333333332 0.15 0.07916666666666666
1 0.7104166666666667 0.096875 0.159375 0.0875
15 0.265625 0.08020833333333334 0.196875 0.159375
12 0.265625 0.271875 0.146875 0.10104166666666667