15 0.3416666666666667 0.778125 0.19479166666666667 0.17916666666666667
6 0.84375 0.7989583333333333 0.17708333333333334 0.13958333333333334
2 0.390625 0.31354166666666666 0.10208333333333333 0.2520833333333333
10 0.6364583333333333 0.5625 0.084375 0.14270833333333333
8 0.471875 0.5270833333333333 0.165625 0.165625
3 0.6791666666666667 0.7947916666666667 0.128125 0.2635416666666667
12 0.7979166666666667 0.5583333333333333 0.11875 0.15625
0 0.865625 0.30416666666666664 0.20416666666666666 0.2635416666666667
11 0.5239583333333333 0.8041666666666667 0.10104166666666667 0.17604166666666668
19 0.95 0.5583333333333333 0.1 0.10208333333333333
17 0.625 0.30625 0.22395833333333334 0.21666666666666667