13 0.8114583333333333 0.2989583333333333 0.2552083333333333 0.11666666666666667
3 0.28125 0.659375 0.115625 0.446875
9 0.109375 0.709375 0.14166666666666666 0.29270833333333335
10 0.052083333333333336 0.309375 0.103125 0.2635416666666667
19 0.8125 0.12395833333333334 0.11041666666666666 0.20625
12 0.9166666666666666 0.6947916666666667 0.12083333333333333 0.26875
1 0.43333333333333335 0.275 0.08854166666666667 0.271875
20 0.5989583333333334 0.234375 0.159375 0.29583333333333334
6 0.30104166666666665 0.265625 0.125 0.21041666666666667
14 0.3770833333333333 0.65625 0.07395833333333333 0.259375
11 0.459375 0.665625 0.08333333333333333 0.2833333333333333
15 0.75 0.671875 0.18229166666666666 0.30625