15 0.671875 0.6677083333333333 0.15 0.2625
17 0.1875 0.6302083333333334 0.140625 0.3614583333333333
2 0.33958333333333335 0.6072916666666667 0.08958333333333333 0.415625
0 0.2552083333333333 0.29583333333333334 0.12604166666666666 0.34791666666666665
18 0.440625 0.26979166666666665 0.14375 0.278125
13 0.6322916666666667 0.3375 0.19375 0.12708333333333333
19 0.6291666666666667 0.19583333333333333 0.07291666666666667 0.16666666666666666
12 0.5114583333333333 0.6583333333333333 0.08229166666666667 0.24895833333333334
20 0.8083333333333333 0.315625 0.15625 0.2833333333333333
1 0.94375 0.359375 0.071875 0.20520833333333333
11 0.9166666666666666 0.7125 0.07708333333333334 0.228125