19 0.25625 0.1375 0.15520833333333334 0.09583333333333334
13 0.4 0.1375 0.134375 0.20729166666666668
11 0.7270833333333333 0.20416666666666666 0.27708333333333335 0.075
20 0.346875 0.328125 0.275 0.13854166666666667
15 0.6697916666666667 0.38229166666666664 0.2864583333333333 0.14166666666666666
1 0.3614583333333333 0.4625 0.22083333333333333 0.06145833333333333
14 0.6677083333333333 0.5135416666666667 0.21666666666666667 0.06770833333333333
3 0.6802083333333333 0.590625 0.378125 0.06041666666666667
6 0.3572916666666667 0.5677083333333334 0.16145833333333334 0.08333333333333333
10 0.390625 0.6479166666666667 0.20104166666666667 0.04479166666666667
9 0.675 0.7385416666666667 0.22395833333333334 0.09583333333333334
7 0.6572916666666667 0.8854166666666666 0.34479166666666666 0.14270833333333333