20 0.24166666666666667 0.49270833333333336 0.08645833333333333 0.16354166666666667
0 0.3458333333333333 0.5114583333333333 0.07708333333333334 0.2
3 0.35 0.31145833333333334 0.036458333333333336 0.19270833333333334
10 0.27708333333333335 0.30520833333333336 0.0375 0.125
7 0.45416666666666666 0.33541666666666664 0.09375 0.17604166666666668
17 0.565625 0.35833333333333334 0.09270833333333334 0.18854166666666666
14 0.653125 0.35833333333333334 0.034375 0.12291666666666666
1 0.71875 0.35 0.04791666666666667 0.13645833333333332
13 0.4239583333333333 0.546875 0.041666666666666664 0.14375
2 0.5041666666666667 0.546875 0.036458333333333336 0.20208333333333334
11 0.56875 0.5770833333333333 0.03958333333333333 0.11458333333333333
6 0.6375 0.5020833333333333 0.057291666666666664 0.10833333333333334
8 0.740625 0.534375 0.075 0.13020833333333334
15 0.7052083333333333 0.7010416666666667 0.08958333333333333 0.115625
12 0.621875 0.69375 0.04895833333333333 0.09895833333333333
19 0.5541666666666667 0.690625 0.0375 0.075
9 0.4708333333333333 0.7104166666666667 0.07083333333333333 0.12916666666666668
5 0.38333333333333336 0.7072916666666667 0.06666666666666667 0.11875
18 0.27708333333333335 0.6854166666666667 0.078125 0.13854166666666667