17 0.715625 0.2833333333333333 0.22708333333333333 0.2708333333333333
14 0.959375 0.2677083333333333 0.08125 0.196875
7 0.415625 0.278125 0.25416666666666665 0.234375
3 0.15416666666666667 0.24166666666666667 0.103125 0.275
0 0.13541666666666666 0.55625 0.20833333333333334 0.3
13 0.34375 0.6 0.11145833333333334 0.20208333333333334
2 0.5666666666666667 0.6 0.10833333333333334 0.296875
11 0.665625 0.6354166666666666 0.10833333333333334 0.20729166666666668
6 0.9270833333333334 0.5135416666666667 0.14583333333333334 0.153125
12 0.928125 0.8541666666666666 0.14270833333333333 0.19375
19 0.7260416666666667 0.846875 0.12604166666666666 0.14791666666666667
9 0.45729166666666665 0.8791666666666667 0.1875 0.203125
5 0.22291666666666668 0.8708333333333333 0.20729166666666668 0.221875