7 0.8354166666666667 0.25833333333333336 0.328125 0.16979166666666667
5 0.171875 0.178125 0.31666666666666665 0.16041666666666668
4 0.5260416666666666 0.06875 0.23854166666666668 0.13645833333333332
20 0.4947916666666667 0.25416666666666665 0.3 0.15729166666666666
6 0.8927083333333333 0.5114583333333333 0.21458333333333332 0.13541666666666666
10 0.4864583333333333 0.7072916666666667 0.26145833333333335 0.06875
8 0.43125 0.896875 0.33229166666666665 0.18125
3 0.825 0.6885416666666667 0.35 0.14375
1 0.16041666666666668 0.315625 0.25416666666666665 0.071875
12 0.48854166666666665 0.546875 0.2635416666666667 0.096875
18 0.8427083333333333 0.046875 0.3145833333333333 0.09375
0 0.15520833333333334 0.478125 0.309375 0.16145833333333334
11 0.8708333333333333 0.846875 0.25833333333333336 0.11666666666666667
19 0.5135416666666667 0.403125 0.19166666666666668 0.09375