1 0.25625 0.18333333333333332 0.06354166666666666 0.11458333333333333
14 0.37083333333333335 0.19375 0.058333333333333334 0.11666666666666667
17 0.5010416666666667 0.209375 0.11666666666666667 0.15104166666666666
7 0.6645833333333333 0.184375 0.14895833333333333 0.14166666666666666
3 0.834375 0.15520833333333334 0.071875 0.17604166666666668
10 0.9697916666666667 0.14479166666666668 0.059375 0.11458333333333333
0 0.83125 0.3489583333333333 0.10833333333333334 0.15625
13 0.6864583333333333 0.3614583333333333 0.065625 0.10833333333333334
2 0.59375 0.37604166666666666 0.05 0.16875
11 0.4864583333333333 0.396875 0.06145833333333333 0.1
6 0.38125 0.33958333333333335 0.08958333333333333 0.09375
8 0.23020833333333332 0.36041666666666666 0.09583333333333334 0.10520833333333333
18 0.925 0.5 0.10833333333333334 0.128125
5 0.771875 0.5197916666666667 0.10208333333333333 0.11458333333333333
9 0.64375 0.525 0.08958333333333333 0.090625
19 0.5104166666666666 0.5010416666666667 0.05625 0.0625
12 0.4114583333333333 0.5083333333333333 0.059375 0.08229166666666667
15 0.275 0.50625 0.109375 0.09479166666666666