7 0.46041666666666664 0.32395833333333335 0.20729166666666668 0.20208333333333334
5 0.5802083333333333 0.784375 0.19895833333333332 0.18958333333333333
4 0.75 0.559375 0.25416666666666665 0.175
20 0.48333333333333334 0.54375 0.17395833333333333 0.19166666666666668
6 0.21145833333333333 0.29791666666666666 0.16875 0.14166666666666666
10 0.025 0.515625 0.05 0.14270833333333333
3 0.05625 0.2875 0.11145833333333334 0.23854166666666668
1 0.384375 0.7625 0.11458333333333333 0.1875
14 0.6697916666666667 0.30104166666666665 0.12083333333333333 0.19270833333333334
12 0.16041666666666668 0.51875 0.10833333333333334 0.15520833333333334
18 0.8666666666666667 0.309375 0.21666666666666667 0.22916666666666666
0 0.225 0.7802083333333333 0.184375 0.25625
19 0.296875 0.5302083333333333 0.09166666666666666 0.11458333333333333
17 0.046875 0.7625 0.09270833333333334 0.23541666666666666
13 0.921875 0.7989583333333333 0.11458333333333333 0.17291666666666666