0 0.46458333333333335 0.31666666666666665 0.22916666666666666 0.17604166666666668
19 0.6583333333333333 0.803125 0.11979166666666667 0.09583333333333334
5 0.7072916666666667 0.4125 0.14895833333333333 0.14479166666666668
9 0.70625 0.61875 0.16145833333333334 0.14895833333333333
13 0.4666666666666667 0.5229166666666667 0.17083333333333334 0.128125
2 0.475 0.65625 0.24479166666666666 0.09375
7 0.22291666666666668 0.5375 0.22083333333333333 0.20104166666666667
11 0.503125 0.8375 0.16145833333333334 0.09583333333333334
17 0.228125 0.7791666666666667 0.23333333333333334 0.19583333333333333
6 0.4041666666666667 0.946875 0.12604166666666666 0.10104166666666667
3 0.209375 0.315625 0.23541666666666666 0.09375
10 0.21770833333333334 0.125 0.14479166666666668 0.08020833333333334
18 0.69375 0.19166666666666668 0.16770833333333332 0.16666666666666666
20 0.4479166666666667 0.11354166666666667 0.17916666666666667 0.14791666666666667
12 0.6677083333333333 0.9552083333333333 0.15416666666666667 0.08125