19 0.5291666666666667 0.18958333333333333 0.06979166666666667 0.16666666666666666
10 0.59375 0.409375 0.06666666666666667 0.21145833333333333
11 0.5770833333333333 0.7041666666666667 0.07604166666666666 0.2760416666666667
6 0.6895833333333333 0.315625 0.10625 0.175
1 0.865625 0.34479166666666666 0.07083333333333333 0.22083333333333333
15 0.75625 0.659375 0.1375 0.25833333333333336
14 0.9052083333333333 0.7239583333333334 0.07604166666666666 0.24791666666666667
20 0.4166666666666667 0.65 0.13229166666666667 0.3385416666666667
8 0.35104166666666664 0.17916666666666667 0.12708333333333333 0.26875
0 0.14479166666666668 0.19375 0.153125 0.33541666666666664
2 0.24791666666666667 0.63125 0.090625 0.40729166666666666
12 0.13229166666666667 0.63125 0.125 0.26979166666666665