7 0.628125 0.26979166666666665 0.11041666666666666 0.20833333333333334
5 0.671875 0.6791666666666667 0.08541666666666667 0.16979166666666667
15 0.22291666666666668 0.234375 0.10416666666666667 0.17604166666666668
4 0.7479166666666667 0.4822916666666667 0.11145833333333334 0.165625
20 0.628125 0.47708333333333336 0.09375 0.17291666666666666
6 0.48541666666666666 0.23125 0.07916666666666666 0.14895833333333333
2 0.23958333333333334 0.6645833333333333 0.051041666666666666 0.2375
10 0.371875 0.45208333333333334 0.04583333333333333 0.12604166666666666
8 0.2791666666666667 0.4708333333333333 0.09583333333333334 0.16145833333333334
3 0.39479166666666665 0.23125 0.05416666666666667 0.23958333333333334
1 0.5833333333333334 0.6739583333333333 0.04375 0.14895833333333333
14 0.728125 0.2635416666666667 0.04791666666666667 0.16458333333333333
12 0.45729166666666665 0.4552083333333333 0.057291666666666664 0.13333333333333333
18 0.8166666666666667 0.2677083333333333 0.10833333333333334 0.19583333333333333
9 0.8864583333333333 0.47708333333333336 0.09375 0.16666666666666666
0 0.484375 0.6854166666666667 0.09166666666666666 0.21458333333333332
11 0.321875 0.21979166666666666 0.052083333333333336 0.16770833333333332
19 0.5364583333333334 0.45625 0.04375 0.11145833333333334
17 0.36770833333333336 0.6708333333333333 0.1125 0.22083333333333333
13 0.8270833333333333 0.6770833333333334 0.0625 0.14166666666666666