7 0.17916666666666667 0.22708333333333333 0.165625 0.18020833333333333
17 0.42083333333333334 0.24791666666666667 0.17083333333333334 0.19375
14 0.5947916666666667 0.23229166666666667 0.071875 0.15104166666666666
1 0.7427083333333333 0.221875 0.071875 0.15520833333333334
8 0.81875 0.440625 0.13541666666666666 0.17708333333333334
6 0.59375 0.42291666666666666 0.12916666666666668 0.12083333333333333
11 0.4552083333333333 0.5125 0.07291666666666667 0.13229166666666667
2 0.3177083333333333 0.48541666666666666 0.09270833333333334 0.21770833333333334
13 0.1375 0.48854166666666665 0.10208333333333333 0.15833333333333333
5 0.06770833333333333 0.69375 0.134375 0.16666666666666666
9 0.2520833333333333 0.696875 0.15416666666666667 0.15
19 0.4322916666666667 0.653125 0.07291666666666667 0.09791666666666667
12 0.584375 0.6552083333333333 0.07708333333333334 0.125
15 0.7677083333333333 0.6489583333333333 0.1375 0.171875