9 0.6364583333333333 0.42604166666666665 0.125 0.19270833333333334
8 0.79375 0.41458333333333336 0.13958333333333334 0.21979166666666666
6 0.7958333333333333 0.6927083333333334 0.10729166666666666 0.13333333333333333
12 0.6791666666666667 0.6979166666666666 0.07604166666666666 0.17083333333333334
18 0.5479166666666667 0.6697916666666667 0.153125 0.21458333333333332
7 0.4635416666666667 0.3614583333333333 0.12708333333333333 0.24895833333333334
0 0.39479166666666665 0.6395833333333333 0.09166666666666666 0.27395833333333336
3 0.21979166666666666 0.5041666666666667 0.04791666666666667 0.27395833333333336
10 0.25416666666666665 0.26458333333333334 0.03958333333333333 0.14895833333333333
11 0.3104166666666667 0.23645833333333333 0.06875 0.184375
19 0.34270833333333334 0.365625 0.04791666666666667 0.14583333333333334