13 0.3177083333333333 0.425 0.13229166666666667 0.209375
2 0.5541666666666667 0.4114583333333333 0.14583333333333334 0.33541666666666664
11 0.7604166666666666 0.4395833333333333 0.103125 0.196875
0 0.1 0.39479166666666665 0.19895833333333332 0.30625
6 0.9322916666666666 0.31979166666666664 0.13541666666666666 0.18125
12 0.9229166666666667 0.6614583333333334 0.15416666666666667 0.17708333333333334
19 0.71875 0.6552083333333333 0.10520833333333333 0.15104166666666666
9 0.478125 0.7020833333333333 0.19166666666666668 0.20833333333333334
5 0.209375 0.7 0.21145833333333333 0.22604166666666667
17 0.7208333333333333 0.10833333333333334 0.23333333333333334 0.215625
7 0.39166666666666666 0.09270833333333334 0.28958333333333336 0.18541666666666667