17 0.4979166666666667 0.8385416666666666 0.1875 0.2375
7 0.234375 0.853125 0.23958333333333334 0.2125
14 0.6989583333333333 0.8520833333333333 0.09583333333333334 0.17708333333333334
1 0.85625 0.8635416666666667 0.1 0.1875
13 0.16979166666666667 0.5645833333333333 0.08958333333333333 0.190625
2 0.365625 0.5635416666666667 0.103125 0.27395833333333336
11 0.5427083333333333 0.5364583333333334 0.07708333333333334 0.1625
6 0.6875 0.6364583333333333 0.12916666666666668 0.12916666666666668
8 0.9260416666666667 0.6104166666666667 0.14791666666666667 0.16770833333333332
15 0.8875 0.375 0.15208333333333332 0.18958333333333333
12 0.678125 0.3572916666666667 0.1 0.15625
19 0.5083333333333333 0.365625 0.07291666666666667 0.11979166666666667
9 0.3020833333333333 0.32395833333333335 0.175 0.18229166666666666
5 0.08125 0.3145833333333333 0.1625 0.18854166666666666