6 0.79375 0.6885416666666667 0.0875 0.1375
12 0.6864583333333333 0.7083333333333334 0.075 0.17916666666666667
8 0.7854166666666667 0.4270833333333333 0.12395833333333334 0.22916666666666666
9 0.63125 0.44166666666666665 0.12916666666666668 0.20729166666666668
18 0.553125 0.69375 0.11770833333333333 0.24895833333333334
7 0.4510416666666667 0.39791666666666664 0.12916666666666668 0.2604166666666667
0 0.39479166666666665 0.7010416666666667 0.0875 0.27395833333333336
3 0.18333333333333332 0.590625 0.09375 0.3125
10 0.20104166666666667 0.3177083333333333 0.053125 0.196875
11 0.25833333333333336 0.28229166666666666 0.04583333333333333 0.20208333333333334
19 0.3145833333333333 0.42604166666666665 0.07291666666666667 0.12083333333333333