10 0.759375 0.3614583333333333 0.078125 0.21666666666666667
7 0.8895833333333333 0.715625 0.15520833333333334 0.3260416666666667
9 0.7072916666666667 0.7072916666666667 0.115625 0.2625
3 0.546875 0.665625 0.0875 0.38958333333333334
14 0.4583333333333333 0.68125 0.06041666666666667 0.24166666666666667
6 0.5458333333333333 0.32395833333333335 0.10625 0.19791666666666666
1 0.425 0.32083333333333336 0.06145833333333333 0.21354166666666666
11 0.38333333333333336 0.6885416666666667 0.06458333333333334 0.24166666666666667
20 0.28229166666666666 0.2916666666666667 0.140625 0.2604166666666667
19 0.08958333333333333 0.18854166666666666 0.09895833333333333 0.17604166666666668
13 0.09791666666666667 0.34791666666666665 0.19583333333333333 0.115625
15 0.12395833333333334 0.68125 0.18333333333333332 0.3260416666666667