7 0.14895833333333333 0.20729166666666668 0.225 0.25729166666666664
5 0.07395833333333333 0.7635416666666667 0.146875 0.22291666666666668
20 0.13229166666666667 0.4875 0.21354166666666666 0.23020833333333332
6 0.48854166666666665 0.18333333333333332 0.190625 0.175
10 0.7489583333333333 0.465625 0.103125 0.17395833333333333
8 0.9322916666666666 0.4822916666666667 0.13541666666666666 0.24375
3 0.7083333333333334 0.17395833333333333 0.14166666666666666 0.31145833333333334
1 0.240625 0.7489583333333333 0.09270833333333334 0.18541666666666667
12 0.5479166666666667 0.471875 0.12916666666666668 0.178125
0 0.46770833333333334 0.76875 0.20520833333333333 0.28854166666666664
11 0.8885416666666667 0.1625 0.13958333333333334 0.21979166666666666
19 0.3572916666666667 0.4708333333333333 0.109375 0.134375
17 0.7458333333333333 0.7427083333333333 0.24375 0.2916666666666667