17 0.715625 0.7166666666666667 0.22708333333333333 0.2708333333333333
14 0.959375 0.7322916666666667 0.08125 0.196875
7 0.415625 0.721875 0.25416666666666665 0.234375
3 0.15416666666666667 0.7583333333333333 0.103125 0.275
0 0.13541666666666666 0.44375 0.20833333333333334 0.3
13 0.34375 0.4 0.11145833333333334 0.20208333333333334
2 0.5666666666666667 0.4 0.10833333333333334 0.296875
11 0.665625 0.3645833333333333 0.10833333333333334 0.20729166666666668
6 0.9270833333333334 0.4864583333333333 0.14583333333333334 0.153125
12 0.928125 0.14583333333333334 0.14270833333333333 0.19375
19 0.7260416666666667 0.153125 0.12604166666666666 0.14791666666666667
9 0.45729166666666665 0.12083333333333333 0.1875 0.203125
5 0.22291666666666668 0.12916666666666668 0.20729166666666668 0.221875