7 0.43125 0.8947916666666667 0.325 0.21041666666666667
5 0.0875 0.6041666666666666 0.175 0.25729166666666664
20 0.4010416666666667 0.575 0.2833333333333333 0.21979166666666666
6 0.78125 0.9114583333333334 0.21145833333333333 0.15729166666666666
10 0.08020833333333334 0.1625 0.16041666666666668 0.125
3 0.68125 0.2520833333333333 0.4 0.159375
1 0.096875 0.33541666666666664 0.19375 0.11666666666666667
12 0.75625 0.6927083333333334 0.22395833333333334 0.178125
9 0.31145833333333334 0.12708333333333333 0.24479166666666666 0.24270833333333333
0 0.128125 0.9135416666666667 0.25625 0.17291666666666666
19 0.7541666666666667 0.49166666666666664 0.19166666666666668 0.16770833333333332