15 0.32083333333333336 0.7895833333333333 0.18645833333333334 0.18541666666666667
8 0.5427083333333333 0.8583333333333333 0.165625 0.16145833333333334
1 0.7802083333333333 0.7958333333333333 0.165625 0.08541666666666667
14 0.775 0.6447916666666667 0.15729166666666666 0.08333333333333333
6 0.5760416666666667 0.61875 0.128125 0.14166666666666666
12 0.321875 0.5916666666666667 0.15729166666666666 0.096875
12 0.771875 0.45729166666666665 0.203125 0.20520833333333333
11 0.48854166666666665 0.4354166666666667 0.146875 0.08333333333333333
19 0.3302083333333333 0.43854166666666666 0.11354166666666667 0.09375
2 0.525 0.32083333333333336 0.24166666666666667 0.11458333333333333
13 0.5427083333333333 0.17395833333333333 0.18541666666666667 0.11145833333333334
7 0.7916666666666666 0.21875 0.23958333333333334 0.2125
9 0.2875 0.24895833333333334 0.15729166666666666 0.16770833333333332
5 0.30416666666666664 0.06354166666666666 0.18645833333333334 0.12708333333333333