12 0.334375 0.8322916666666667 0.196875 0.14479166666666668
2 0.334375 0.684375 0.33541666666666664 0.13541666666666666
5 0.3333333333333333 0.375 0.25104166666666666 0.246875
14 0.32916666666666666 0.14166666666666666 0.19895833333333332 0.08645833333333333
1 0.6208333333333333 0.19479166666666667 0.20833333333333334 0.11354166666666667
10 0.7604166666666666 0.45729166666666665 0.10104166666666667 0.24375
11 0.6020833333333333 0.690625 0.090625 0.26458333333333334
9 0.6072916666666667 0.440625 0.18854166666666666 0.175
19 0.7354166666666667 0.7229166666666667 0.07604166666666666 0.17916666666666667
18 0.690625 0.9166666666666666 0.240625 0.16666666666666666
15 0.6427083333333333 0.059375 0.20625 0.11875
3 0.3333333333333333 0.040625 0.30520833333333336 0.08125