15 0.2625 0.7864583333333334 0.17604166666666668 0.15208333333333332
8 0.48125 0.85625 0.16041666666666668 0.15520833333333334
1 0.703125 0.7854166666666667 0.14791666666666667 0.08020833333333334
14 0.7 0.6427083333333333 0.15208333333333332 0.08333333333333333
6 0.5104166666666666 0.621875 0.12083333333333333 0.13333333333333333
12 0.26979166666666665 0.6135416666666667 0.13541666666666666 0.09270833333333334
11 0.425 0.4895833333333333 0.14375 0.07395833333333333
17 0.690625 0.46770833333333334 0.196875 0.19166666666666668
7 0.6979166666666666 0.25104166666666666 0.18229166666666666 0.16770833333333332
13 0.478125 0.2125 0.16458333333333333 0.103125
2 0.4625 0.3458333333333333 0.22604166666666667 0.103125
19 0.278125 0.459375 0.10625 0.1
9 0.2552083333333333 0.27708333333333335 0.15208333333333332 0.14270833333333333
5 0.26458333333333334 0.09479166666666666 0.15833333333333333 0.12916666666666668
3 0.7291666666666666 0.05 0.21354166666666666 0.08645833333333333
0 0.4895833333333333 0.05520833333333333 0.221875 0.11041666666666666