7 0.671875 0.409375 0.17708333333333334 0.09583333333333334
5 0.28854166666666664 0.3927083333333333 0.16354166666666667 0.08125
15 0.7791666666666667 0.8447916666666667 0.21770833333333334 0.16354166666666667
4 0.46770833333333334 0.3145833333333333 0.14895833333333333 0.09270833333333334
20 0.475 0.425 0.20520833333333333 0.09895833333333333
6 0.7291666666666666 0.5375 0.165625 0.07604166666666666
2 0.2520833333333333 0.8354166666666667 0.28229166666666666 0.10729166666666666
10 0.5114583333333333 0.6666666666666666 0.165625 0.059375
8 0.4979166666666667 0.7729166666666667 0.20104166666666667 0.13020833333333334
3 0.7427083333333333 0.6302083333333334 0.25104166666666666 0.07083333333333333
1 0.284375 0.47604166666666664 0.14791666666666667 0.05520833333333333
14 0.6677083333333333 0.3333333333333333 0.15104166666666666 0.06041666666666667
12 0.49583333333333335 0.578125 0.14791666666666667 0.057291666666666664
18 0.6572916666666667 0.265625 0.175 0.078125
9 0.475 0.221875 0.14166666666666666 0.06770833333333333
0 0.2604166666666667 0.565625 0.246875 0.10104166666666667
11 0.7833333333333333 0.7135416666666666 0.20520833333333333 0.06770833333333333
19 0.496875 0.49375 0.103125 0.042708333333333334
17 0.25729166666666664 0.6885416666666667 0.24166666666666667 0.14791666666666667
13 0.3 0.27708333333333335 0.13645833333333332 0.059375