0 0.25833333333333336 0.49270833333333336 0.1625 0.26458333333333334
18 0.11458333333333333 0.753125 0.21041666666666667 0.21145833333333333
5 0.378125 0.7697916666666667 0.17916666666666667 0.18958333333333333
9 0.6052083333333333 0.7604166666666666 0.16041666666666668 0.20104166666666667
19 0.8291666666666667 0.7291666666666666 0.121875 0.11770833333333333
13 0.4635416666666667 0.51875 0.10520833333333333 0.18854166666666666
2 0.6729166666666667 0.50625 0.10520833333333333 0.27708333333333335
11 0.8520833333333333 0.5364583333333334 0.08645833333333333 0.17083333333333334
10 0.09166666666666666 0.20833333333333334 0.09791666666666667 0.16458333333333333
3 0.25729166666666664 0.19895833333333332 0.10208333333333333 0.2760416666666667
7 0.5177083333333333 0.2125 0.234375 0.215625
17 0.7958333333333333 0.22916666666666666 0.19895833333333332 0.234375