2 0.5697916666666667 0.4395833333333333 0.284375 0.11041666666666666
13 0.5479166666666667 0.28541666666666665 0.21666666666666667 0.15104166666666666
0 0.553125 0.084375 0.2791666666666667 0.16770833333333332
3 0.25416666666666665 0.046875 0.2708333333333333 0.09375
7 0.2708333333333333 0.296875 0.2833333333333333 0.21458333333333332
17 0.26458333333333334 0.571875 0.26458333333333334 0.20416666666666666
11 0.5041666666666667 0.6333333333333333 0.18541666666666667 0.12604166666666666
6 0.47708333333333336 0.821875 0.17291666666666666 0.17708333333333334
14 0.23333333333333334 0.815625 0.18958333333333333 0.13125
12 0.7833333333333333 0.821875 0.18541666666666667 0.103125
19 0.7916666666666666 0.6302083333333334 0.140625 0.103125
9 0.8427083333333333 0.4010416666666667 0.18854166666666666 0.14583333333333334
5 0.8395833333333333 0.16770833333333332 0.209375 0.16666666666666666