15 0.21979166666666666 0.69375 0.12604166666666666 0.175
12 0.32708333333333334 0.6989583333333333 0.06041666666666667 0.134375
19 0.4166666666666667 0.6947916666666667 0.04375 0.096875
9 0.5291666666666667 0.7260416666666667 0.078125 0.159375
5 0.6364583333333333 0.7135416666666666 0.08333333333333333 0.175
18 0.7708333333333334 0.7020833333333333 0.10208333333333333 0.18958333333333333
8 0.17604166666666668 0.4791666666666667 0.096875 0.175
6 0.315625 0.4479166666666667 0.071875 0.11354166666666667
11 0.39895833333333336 0.540625 0.04583333333333333 0.13958333333333334
2 0.48125 0.50625 0.04479166666666667 0.246875
13 0.5854166666666667 0.5072916666666667 0.058333333333333334 0.17083333333333334
0 0.6833333333333333 0.47604166666666664 0.078125 0.23958333333333334
20 0.80625 0.4354166666666667 0.08541666666666667 0.20208333333333334
10 0.7645833333333333 0.209375 0.04791666666666667 0.1625
3 0.6802083333333333 0.20625 0.052083333333333336 0.259375
7 0.5458333333333333 0.23958333333333334 0.11354166666666667 0.19583333333333333
17 0.41041666666666665 0.2625 0.09479166666666666 0.2125
14 0.2989583333333333 0.24791666666666667 0.04895833333333333 0.15729166666666666
1 0.21354166666666666 0.240625 0.04791666666666667 0.16041666666666668