17 0.32083333333333336 0.20833333333333334 0.303125 0.12708333333333333
7 0.66875 0.221875 0.253125 0.16354166666666667
0 0.6322916666666667 0.40208333333333335 0.309375 0.11979166666666667
18 0.6864583333333333 0.5635416666666667 0.24479166666666666 0.14166666666666666
19 0.7291666666666666 0.7041666666666667 0.08645833333333333 0.11458333333333333
11 0.5989583333333334 0.7375 0.07395833333333333 0.17395833333333333
10 0.765625 0.8552083333333333 0.05520833333333333 0.13645833333333332
9 0.6041666666666666 0.88125 0.20625 0.11354166666666667
3 0.3125 0.9385416666666667 0.31875 0.10208333333333333
14 0.3333333333333333 0.79375 0.21458333333333332 0.06979166666666667
12 0.32916666666666666 0.6635416666666667 0.21145833333333333 0.10833333333333334
8 0.3375 0.53125 0.225 0.12395833333333334
6 0.296875 0.371875 0.15729166666666666 0.1