7 0.35625 0.14791666666666667 0.24791666666666667 0.26666666666666666
5 0.25104166666666666 0.696875 0.19895833333333332 0.2125
4 0.08958333333333333 0.428125 0.17916666666666667 0.21458333333333332
20 0.36041666666666666 0.4 0.20104166666666667 0.23125
6 0.6802083333333333 0.12291666666666666 0.15208333333333332 0.18020833333333333
10 0.9229166666666667 0.38958333333333334 0.10520833333333333 0.16979166666666667
3 0.8895833333333333 0.13541666666666666 0.13229166666666667 0.2708333333333333
1 0.44895833333333335 0.6833333333333333 0.10104166666666667 0.17708333333333334
14 0.11770833333333333 0.13541666666666666 0.11458333333333333 0.209375
12 0.7354166666666667 0.40208333333333335 0.11666666666666667 0.17604166666666668
0 0.6625 0.6958333333333333 0.165625 0.24166666666666667
19 0.5677083333333334 0.40520833333333334 0.11458333333333333 0.12708333333333333
17 0.9010416666666666 0.66875 0.19791666666666666 0.2520833333333333