20 0.6489583333333333 0.3072916666666667 0.140625 0.28229166666666666
1 0.78125 0.334375 0.06145833333333333 0.21979166666666666
6 0.903125 0.34479166666666666 0.12083333333333333 0.19166666666666668
3 0.928125 0.7125 0.09479166666666666 0.40625
14 0.83125 0.7041666666666667 0.08541666666666667 0.24375
11 0.7541666666666667 0.6979166666666666 0.08958333333333333 0.24479166666666666
15 0.5010416666666667 0.6802083333333333 0.15729166666666666 0.2791666666666667
12 0.3489583333333333 0.6875 0.09583333333333334 0.23333333333333334
2 0.17604166666666668 0.6354166666666666 0.13333333333333333 0.39166666666666666
0 0.07604166666666666 0.328125 0.13229166666666667 0.35520833333333335
18 0.2604166666666667 0.27291666666666664 0.165625 0.28229166666666666
19 0.42291666666666666 0.215625 0.11875 0.115625
13 0.46145833333333336 0.340625 0.19479166666666667 0.128125