7 0.7447916666666666 0.571875 0.22395833333333334 0.12604166666666666
5 0.25625 0.5052083333333334 0.1875 0.11770833333333333
4 0.4864583333333333 0.415625 0.19166666666666668 0.12083333333333333
20 0.49375 0.5604166666666667 0.21458333333333332 0.11875
6 0.7989583333333333 0.725 0.17708333333333334 0.10208333333333333
10 0.5395833333333333 0.8625 0.15104166666666666 0.05520833333333333
8 0.5270833333333333 0.9583333333333334 0.1875 0.08333333333333333
3 0.79375 0.8489583333333334 0.29375 0.058333333333333334
1 0.27708333333333335 0.6104166666666667 0.18125 0.05416666666666667
14 0.7541666666666667 0.453125 0.19479166666666667 0.06354166666666666
12 0.528125 0.75625 0.165625 0.08125
18 0.7510416666666667 0.3302083333333333 0.23125 0.12291666666666666
9 0.48541666666666666 0.25 0.21041666666666667 0.09895833333333333
0 0.26979166666666665 0.7177083333333333 0.24166666666666667 0.10416666666666667
11 0.8052083333333333 0.9364583333333333 0.196875 0.06770833333333333
19 0.515625 0.66875 0.115625 0.0625
17 0.29375 0.8520833333333333 0.23333333333333334 0.11354166666666667
13 0.25 0.31875 0.19895833333333332 0.078125