17 0.5020833333333333 0.16145833333333334 0.1875 0.2375
7 0.765625 0.146875 0.23958333333333334 0.2125
14 0.30104166666666665 0.14791666666666667 0.09583333333333334 0.17708333333333334
1 0.14375 0.13645833333333332 0.1 0.1875
13 0.8302083333333333 0.4354166666666667 0.08958333333333333 0.190625
2 0.634375 0.43645833333333334 0.103125 0.27395833333333336
11 0.45729166666666665 0.4635416666666667 0.07708333333333334 0.1625
6 0.3125 0.36354166666666665 0.12916666666666668 0.12916666666666668
8 0.07395833333333333 0.38958333333333334 0.14791666666666667 0.16770833333333332
15 0.1125 0.625 0.15208333333333332 0.18958333333333333
12 0.321875 0.6427083333333333 0.1 0.15625
19 0.49166666666666664 0.634375 0.07291666666666667 0.11979166666666667
9 0.6979166666666666 0.6760416666666667 0.175 0.18229166666666666
5 0.91875 0.6854166666666667 0.1625 0.18854166666666666