15 0.20104166666666667 0.23645833333333333 0.225 0.19479166666666667
6 0.18645833333333334 0.80625 0.18333333333333332 0.19791666666666666
2 0.7145833333333333 0.30104166666666665 0.2833333333333333 0.13229166666666667
10 0.45 0.565625 0.16145833333333334 0.09270833333333334
8 0.484375 0.359375 0.18333333333333332 0.1625
3 0.171875 0.609375 0.3333333333333333 0.13229166666666667
12 0.4552083333333333 0.74375 0.17708333333333334 0.13229166666666667
0 0.7416666666666667 0.8135416666666667 0.26666666666666666 0.21979166666666666
11 0.171875 0.44375 0.19375 0.11354166666666667
19 0.4583333333333333 0.9302083333333333 0.12604166666666666 0.115625
17 0.7166666666666667 0.5572916666666666 0.25833333333333336 0.24375