1 0.3229166666666667 0.29375 0.15729166666666666 0.084375
14 0.32708333333333334 0.43333333333333335 0.14479166666666668 0.08020833333333334
17 0.325 0.6125 0.18541666666666667 0.19479166666666667
7 0.3020833333333333 0.8291666666666667 0.171875 0.16770833333333332
13 0.515625 0.8697916666666666 0.17083333333333334 0.08645833333333333
2 0.5395833333333333 0.7489583333333333 0.21145833333333333 0.103125
11 0.5822916666666667 0.5927083333333333 0.13958333333333334 0.08541666666666667
6 0.5020833333333333 0.46979166666666666 0.11458333333333333 0.13958333333333334
8 0.5458333333333333 0.25104166666666666 0.15104166666666666 0.15104166666666666
12 0.7395833333333334 0.5041666666666667 0.140625 0.10208333333333333
19 0.725 0.6583333333333333 0.10625 0.090625
9 0.7385416666666667 0.8354166666666667 0.153125 0.13958333333333334
15 0.7583333333333333 0.32708333333333334 0.15416666666666667 0.18541666666666667