10 0.5041666666666667 0.029166666666666667 0.14791666666666667 0.053125
6 0.5375 0.13645833333333332 0.103125 0.16770833333333332
3 0.30520833333333336 0.12395833333333334 0.265625 0.084375
14 0.3104166666666667 0.21979166666666666 0.159375 0.103125
15 0.32916666666666666 0.390625 0.2 0.19270833333333334
1 0.5364583333333334 0.2635416666666667 0.15104166666666666 0.078125
20 0.5583333333333333 0.4125 0.209375 0.17083333333333334
19 0.6364583333333333 0.6333333333333333 0.11458333333333333 0.1
13 0.5322916666666667 0.6229166666666667 0.06458333333333334 0.22291666666666668
11 0.30833333333333335 0.5697916666666667 0.16875 0.096875
17 0.3385416666666667 0.7677083333333333 0.23645833333333333 0.20520833333333333
2 0.3375 0.9541666666666667 0.28541666666666665 0.09166666666666666