20 0.5041666666666667 0.315625 0.165625 0.29270833333333335
1 0.359375 0.3375 0.075 0.23958333333333334
6 0.23125 0.35208333333333336 0.12395833333333334 0.22291666666666668
19 0.7 0.196875 0.09791666666666667 0.15833333333333333
13 0.7083333333333334 0.3416666666666667 0.209375 0.11145833333333334
18 0.9 0.2916666666666667 0.18541666666666667 0.24791666666666667
12 0.8822916666666667 0.7104166666666667 0.12916666666666668 0.28229166666666666
15 0.6864583333333333 0.6739583333333333 0.16875 0.2916666666666667
11 0.3885416666666667 0.703125 0.08958333333333333 0.30833333333333335
14 0.2875 0.7010416666666667 0.10520833333333333 0.3145833333333333
3 0.17395833333333333 0.7052083333333333 0.15833333333333333 0.4583333333333333