12 0.79375 0.0625 0.190625 0.08125
11 0.5677083333333334 0.15 0.20833333333333334 0.06145833333333333
6 0.4479166666666667 0.04479166666666667 0.18020833333333333 0.08958333333333333
17 0.19270833333333334 0.17083333333333334 0.290625 0.14895833333333333
7 0.16666666666666666 0.34791666666666665 0.28229166666666666 0.14583333333333334
2 0.5333333333333333 0.26145833333333335 0.3260416666666667 0.0875
19 0.778125 0.171875 0.184375 0.0625
13 0.5354166666666667 0.4041666666666667 0.23333333333333334 0.07291666666666667
9 0.8375 0.32083333333333336 0.24375 0.12291666666666666
3 0.146875 0.5375 0.29375 0.075
10 0.12395833333333334 0.6552083333333333 0.19895833333333332 0.06458333333333334
0 0.48333333333333334 0.546875 0.31875 0.14479166666666668
20 0.4510416666666667 0.7208333333333333 0.26458333333333334 0.13333333333333333
18 0.825 0.6697916666666667 0.24479166666666666 0.14375
5 0.834375 0.48541666666666666 0.21770833333333334 0.10729166666666666