2 0.43020833333333336 0.4395833333333333 0.284375 0.11041666666666666
13 0.45208333333333334 0.28541666666666665 0.21666666666666667 0.15104166666666666
0 0.446875 0.084375 0.2791666666666667 0.16770833333333332
3 0.7458333333333333 0.046875 0.2708333333333333 0.09375
7 0.7291666666666666 0.296875 0.2833333333333333 0.21458333333333332
17 0.7354166666666667 0.571875 0.26458333333333334 0.20416666666666666
11 0.49583333333333335 0.6333333333333333 0.18541666666666667 0.12604166666666666
6 0.5229166666666667 0.821875 0.17291666666666666 0.17708333333333334
14 0.7666666666666667 0.815625 0.18958333333333333 0.13125
12 0.21666666666666667 0.821875 0.18541666666666667 0.103125
19 0.20833333333333334 0.6302083333333334 0.140625 0.103125
9 0.15729166666666666 0.4010416666666667 0.18854166666666666 0.14583333333333334
5 0.16041666666666668 0.16770833333333332 0.209375 0.16666666666666666