15 0.821875 0.228125 0.21145833333333333 0.21875
6 0.2677083333333333 0.20416666666666666 0.18854166666666666 0.1625
2 0.7604166666666666 0.7052083333333333 0.125 0.27291666666666664
10 0.5125 0.4583333333333333 0.07916666666666666 0.16458333333333333
8 0.703125 0.49166666666666664 0.13854166666666667 0.17395833333333333
3 0.4635416666666667 0.20833333333333334 0.125 0.29583333333333334
1 0.057291666666666664 0.746875 0.11458333333333333 0.19791666666666666
12 0.3302083333333333 0.47708333333333336 0.11458333333333333 0.16770833333333332
0 0.2760416666666667 0.7520833333333333 0.18541666666666667 0.25104166666666666
11 0.6260416666666667 0.20104166666666667 0.08645833333333333 0.19895833333333332
19 0.15208333333333332 0.4864583333333333 0.09270833333333334 0.10208333333333333
17 0.5229166666666667 0.7208333333333333 0.20104166666666667 0.234375