18 0.8322916666666667 0.715625 0.184375 0.3104166666666667
8 0.896875 0.24791666666666667 0.17708333333333334 0.296875
12 0.7302083333333333 0.24270833333333333 0.11145833333333334 0.26666666666666666
2 0.6135416666666667 0.2625 0.09375 0.4708333333333333
11 0.6322916666666667 0.6010416666666667 0.196875 0.11875
10 0.46979166666666666 0.825 0.18229166666666666 0.115625
19 0.6572916666666667 0.7729166666666667 0.15729166666666666 0.1375
9 0.45 0.63125 0.11979166666666667 0.23229166666666667
5 0.378125 0.26145833333333335 0.14791666666666667 0.303125
1 0.26145833333333335 0.665625 0.07708333333333334 0.24791666666666667
15 0.125 0.6958333333333333 0.16041666666666668 0.2625
14 0.20729166666666668 0.26875 0.1 0.26875
3 0.11041666666666666 0.26145833333333335 0.115625 0.4395833333333333