1 0.74375 0.18333333333333332 0.06354166666666666 0.11458333333333333
14 0.6291666666666667 0.19375 0.058333333333333334 0.11666666666666667
17 0.49895833333333334 0.209375 0.11666666666666667 0.15104166666666666
7 0.33541666666666664 0.184375 0.14895833333333333 0.14166666666666666
3 0.165625 0.15520833333333334 0.071875 0.17604166666666668
10 0.030208333333333334 0.14479166666666668 0.059375 0.11458333333333333
0 0.16875 0.3489583333333333 0.10833333333333334 0.15625
13 0.31354166666666666 0.3614583333333333 0.065625 0.10833333333333334
2 0.40625 0.37604166666666666 0.05 0.16875
11 0.5135416666666667 0.396875 0.06145833333333333 0.1
6 0.61875 0.33958333333333335 0.08958333333333333 0.09375
8 0.7697916666666667 0.36041666666666666 0.09583333333333334 0.10520833333333333
18 0.075 0.5 0.10833333333333334 0.128125
5 0.228125 0.5197916666666667 0.10208333333333333 0.11458333333333333
9 0.35625 0.525 0.08958333333333333 0.090625
19 0.4895833333333333 0.5010416666666667 0.05625 0.0625
12 0.5885416666666666 0.5083333333333333 0.059375 0.08229166666666667
15 0.725 0.50625 0.109375 0.09479166666666666