13 0.29791666666666666 0.49166666666666664 0.09479166666666666 0.15416666666666667
2 0.159375 0.49270833333333336 0.1 0.228125
0 0.49583333333333335 0.4875 0.17083333333333334 0.21145833333333333
20 0.7041666666666667 0.47604166666666664 0.14479166666666668 0.16666666666666666
10 0.6989583333333333 0.23541666666666666 0.08958333333333333 0.16041666666666668
3 0.49375 0.22916666666666666 0.07916666666666666 0.253125
7 0.26875 0.240625 0.19791666666666666 0.20520833333333333
17 0.0625 0.25104166666666666 0.12395833333333334 0.23333333333333334
19 0.06354166666666666 0.6541666666666667 0.09479166666666666 0.09583333333333334
9 0.21458333333333332 0.6947916666666667 0.165625 0.13229166666666667
5 0.4041666666666667 0.69375 0.134375 0.15
18 0.6208333333333333 0.6947916666666667 0.15833333333333333 0.153125