15 0.7989583333333333 0.7635416666666667 0.225 0.19479166666666667
6 0.8135416666666667 0.19375 0.18333333333333332 0.19791666666666666
2 0.28541666666666665 0.6989583333333333 0.2833333333333333 0.13229166666666667
10 0.55 0.434375 0.16145833333333334 0.09270833333333334
8 0.515625 0.640625 0.18333333333333332 0.1625
3 0.828125 0.390625 0.3333333333333333 0.13229166666666667
12 0.5447916666666667 0.25625 0.17708333333333334 0.13229166666666667
0 0.25833333333333336 0.18645833333333334 0.26666666666666666 0.21979166666666666
11 0.828125 0.55625 0.19375 0.11354166666666667
19 0.5416666666666666 0.06979166666666667 0.12604166666666666 0.115625
17 0.2833333333333333 0.4427083333333333 0.25833333333333336 0.24375