7 0.246875 0.7166666666666667 0.22708333333333333 0.215625
5 0.10625 0.240625 0.20416666666666666 0.21041666666666667
20 0.23125 0.48541666666666666 0.175 0.19270833333333334
6 0.553125 0.7427083333333333 0.1875 0.15416666666666667
2 0.9520833333333333 0.24895833333333334 0.09583333333333334 0.2604166666666667
10 0.740625 0.4947916666666667 0.08958333333333333 0.15729166666666666
8 0.903125 0.46770833333333334 0.178125 0.16875
3 0.709375 0.7302083333333333 0.13541666666666666 0.2875
1 0.30416666666666664 0.24791666666666667 0.10104166666666667 0.175
14 0.036458333333333336 0.7447916666666666 0.071875 0.19270833333333334
12 0.5770833333333333 0.4895833333333333 0.11666666666666667 0.16666666666666666
0 0.5 0.240625 0.171875 0.259375
11 0.8614583333333333 0.7395833333333334 0.1125 0.18229166666666666
19 0.4197916666666667 0.49270833333333336 0.09791666666666667 0.1125
17 0.7291666666666666 0.24375 0.20833333333333334 0.22604166666666667