7 0.34791666666666665 0.3489583333333333 0.18958333333333333 0.34479166666666666
4 0.10104166666666667 0.73125 0.20208333333333334 0.2833333333333333
20 0.321875 0.7302083333333333 0.171875 0.33645833333333336
6 0.5979166666666667 0.328125 0.14895833333333333 0.23541666666666666
10 0.7885416666666667 0.7135416666666666 0.09375 0.23854166666666668
8 0.93125 0.7645833333333333 0.1375 0.259375
3 0.7645833333333333 0.33645833333333336 0.13645833333333332 0.3958333333333333
14 0.15833333333333333 0.33125 0.09166666666666666 0.27291666666666664
12 0.6416666666666667 0.7166666666666667 0.103125 0.24479166666666666
11 0.89375 0.31666666666666665 0.09375 0.275
19 0.49895833333333334 0.7072916666666667 0.09166666666666666 0.2