7 0.8927083333333333 0.28229166666666666 0.21458333333333332 0.25625
5 0.9395833333333333 0.81875 0.12083333333333333 0.20833333333333334
20 0.8854166666666666 0.5458333333333333 0.22916666666666666 0.23125
6 0.5833333333333334 0.23541666666666666 0.17916666666666667 0.18125
2 0.03854166666666667 0.7677083333333333 0.07604166666666666 0.290625
10 0.3072916666666667 0.5010416666666667 0.09270833333333334 0.17916666666666667
8 0.11041666666666666 0.5302083333333333 0.196875 0.20625
3 0.38645833333333335 0.22916666666666666 0.12916666666666668 0.29791666666666666
1 0.7833333333333333 0.803125 0.08229166666666667 0.20416666666666666
12 0.5010416666666667 0.5177083333333333 0.13125 0.16979166666666667
0 0.56875 0.8010416666666667 0.1875 0.28958333333333336
11 0.21041666666666667 0.2 0.125 0.24895833333333334
19 0.6875 0.51875 0.125 0.14895833333333333
17 0.2833333333333333 0.771875 0.2375 0.27395833333333336