7 0.49895833333333334 0.5145833333333333 0.25 0.2833333333333333
5 0.19270833333333334 0.21145833333333333 0.2375 0.234375
4 0.81875 0.5333333333333333 0.2677083333333333 0.21145833333333333
20 0.16458333333333333 0.4947916666666667 0.22083333333333333 0.22916666666666666
6 0.5208333333333334 0.8083333333333333 0.159375 0.171875
14 0.728125 0.8239583333333333 0.11770833333333333 0.20729166666666668
12 0.31875 0.796875 0.14479166666666668 0.18229166666666666
0 0.496875 0.225 0.20833333333333334 0.27708333333333335
11 0.921875 0.8197916666666667 0.115625 0.20520833333333333
19 0.11458333333333333 0.8083333333333333 0.10833333333333334 0.13645833333333332
17 0.7770833333333333 0.24791666666666667 0.25625 0.26979166666666665