1 0.6770833333333334 0.70625 0.15729166666666666 0.084375
14 0.6729166666666667 0.5666666666666667 0.14479166666666668 0.08020833333333334
17 0.675 0.3875 0.18541666666666667 0.19479166666666667
7 0.6979166666666666 0.17083333333333334 0.171875 0.16770833333333332
13 0.484375 0.13020833333333334 0.17083333333333334 0.08645833333333333
2 0.46041666666666664 0.25104166666666666 0.21145833333333333 0.103125
11 0.41770833333333335 0.40729166666666666 0.13958333333333334 0.08541666666666667
6 0.4979166666666667 0.5302083333333333 0.11458333333333333 0.13958333333333334
8 0.45416666666666666 0.7489583333333333 0.15104166666666666 0.15104166666666666
12 0.2604166666666667 0.49583333333333335 0.140625 0.10208333333333333
19 0.275 0.3416666666666667 0.10625 0.090625
9 0.26145833333333335 0.16458333333333333 0.153125 0.13958333333333334
15 0.24166666666666667 0.6729166666666667 0.15416666666666667 0.18541666666666667