19 0.296875 0.30104166666666665 0.06770833333333333 0.12291666666666666
20 0.12291666666666666 0.4125 0.13229166666666667 0.25416666666666665
13 0.2833333333333333 0.45 0.18645833333333334 0.12083333333333333
15 0.234375 0.7447916666666666 0.13645833333333332 0.24895833333333334
12 0.375 0.7479166666666667 0.09166666666666666 0.209375
11 0.03125 0.7666666666666667 0.06145833333333333 0.21666666666666667
2 0.5208333333333334 0.6989583333333333 0.06770833333333333 0.365625
17 0.6645833333333333 0.759375 0.15416666666666667 0.31875
0 0.6302083333333334 0.4197916666666667 0.125 0.296875
5 0.8354166666666667 0.4010416666666667 0.140625 0.23541666666666666
8 0.8364583333333333 0.7416666666666667 0.13645833333333332 0.24479166666666666