7 0.48333333333333334 0.7875 0.2677083333333333 0.2635416666666667
5 0.6583333333333333 0.24270833333333333 0.19791666666666666 0.21458333333333332
4 0.8135416666666667 0.5197916666666667 0.27708333333333335 0.20520833333333333
20 0.5104166666666666 0.5041666666666667 0.23125 0.225
6 0.15833333333333333 0.80625 0.171875 0.196875
1 0.4354166666666667 0.25104166666666666 0.14895833333333333 0.178125
14 0.7072916666666667 0.815625 0.13854166666666667 0.21979166666666666
12 0.13229166666666667 0.51875 0.15520833333333334 0.17604166666666668
18 0.9239583333333333 0.81875 0.15208333333333332 0.271875
0 0.234375 0.225 0.18541666666666667 0.26145833333333335
19 0.29583333333333334 0.521875 0.1125 0.13229166666666667