13 0.6822916666666666 0.575 0.13229166666666667 0.209375
2 0.44583333333333336 0.5885416666666666 0.14583333333333334 0.33541666666666664
11 0.23958333333333334 0.5604166666666667 0.103125 0.196875
0 0.9 0.6052083333333333 0.19895833333333332 0.30625
6 0.06770833333333333 0.6802083333333333 0.13541666666666666 0.18125
12 0.07708333333333334 0.3385416666666667 0.15416666666666667 0.17708333333333334
19 0.28125 0.34479166666666666 0.10520833333333333 0.15104166666666666
9 0.521875 0.29791666666666666 0.19166666666666668 0.20833333333333334
5 0.790625 0.3 0.21145833333333333 0.22604166666666667
17 0.2791666666666667 0.8916666666666667 0.23333333333333334 0.215625
7 0.6083333333333333 0.9072916666666667 0.28958333333333336 0.18541666666666667