7 0.384375 0.20833333333333334 0.2708333333333333 0.259375
5 0.5395833333333333 0.7833333333333333 0.190625 0.21354166666666666
4 0.7260416666666667 0.5010416666666667 0.24479166666666666 0.19166666666666668
20 0.3875 0.4895833333333333 0.20833333333333334 0.253125
6 0.08020833333333334 0.19166666666666668 0.159375 0.165625
1 0.31354166666666666 0.771875 0.103125 0.20729166666666668
14 0.628125 0.1875 0.10833333333333334 0.23020833333333332
18 0.8770833333333333 0.18125 0.24375 0.2947916666666667
0 0.109375 0.784375 0.19791666666666666 0.29375
19 0.178125 0.478125 0.121875 0.14270833333333333
13 0.934375 0.7739583333333333 0.13125 0.24375