17 0.6791666666666667 0.7916666666666666 0.303125 0.12708333333333333
7 0.33125 0.778125 0.253125 0.16354166666666667
0 0.36770833333333336 0.5979166666666667 0.309375 0.11979166666666667
18 0.31354166666666666 0.43645833333333334 0.24479166666666666 0.14166666666666666
19 0.2708333333333333 0.29583333333333334 0.08645833333333333 0.11458333333333333
11 0.4010416666666667 0.2625 0.07395833333333333 0.17395833333333333
10 0.234375 0.14479166666666668 0.05520833333333333 0.13645833333333332
9 0.3958333333333333 0.11875 0.20625 0.11354166666666667
3 0.6875 0.06145833333333333 0.31875 0.10208333333333333
14 0.6666666666666666 0.20625 0.21458333333333332 0.06979166666666667
12 0.6708333333333333 0.33645833333333336 0.21145833333333333 0.10833333333333334
8 0.6625 0.46875 0.225 0.12395833333333334
6 0.703125 0.628125 0.15729166666666666 0.1