17 0.9208333333333333 0.834375 0.10416666666666667 0.19166666666666668
7 0.9041666666666667 0.58125 0.10729166666666666 0.18229166666666666
0 0.7645833333333333 0.5947916666666667 0.0875 0.21770833333333334
6 0.790625 0.85 0.08229166666666667 0.11770833333333333
18 0.6416666666666667 0.5552083333333333 0.08958333333333333 0.16770833333333332
8 0.6729166666666667 0.8041666666666667 0.08854166666666667 0.15833333333333333
12 0.5770833333333333 0.8052083333333333 0.06979166666666667 0.15104166666666666
19 0.5489583333333333 0.5072916666666667 0.07708333333333334 0.06145833333333333
11 0.5291666666666667 0.6114583333333333 0.11145833333333334 0.07916666666666666
14 0.48125 0.7958333333333333 0.052083333333333336 0.18645833333333334
10 0.440625 0.478125 0.10625 0.053125
9 0.4322916666666667 0.59375 0.075 0.13958333333333334
3 0.37083333333333335 0.8114583333333333 0.06354166666666666 0.259375
1 0.33125 0.5708333333333333 0.04583333333333333 0.146875
15 0.24583333333333332 0.5552083333333333 0.09895833333333333 0.15520833333333334
5 0.275 0.7822916666666667 0.09375 0.18020833333333333
20 0.13229166666666667 0.7802083333333333 0.09895833333333333 0.2