5 0.21458333333333332 0.25104166666666666 0.18541666666666667 0.20104166666666667
0 0.13333333333333333 0.5135416666666667 0.159375 0.25416666666666665
3 0.140625 0.8010416666666667 0.09270833333333334 0.253125
7 0.390625 0.76875 0.21458333333333332 0.203125
13 0.325 0.48020833333333335 0.1 0.19583333333333333
9 0.44375 0.246875 0.1625 0.17708333333333334
2 0.5208333333333334 0.49166666666666664 0.08541666666666667 0.2708333333333333
17 0.6729166666666667 0.7510416666666667 0.196875 0.23020833333333332
14 0.871875 0.7729166666666667 0.09583333333333334 0.17395833333333333
6 0.8385416666666666 0.546875 0.165625 0.14166666666666666
11 0.6822916666666666 0.45208333333333334 0.08229166666666667 0.140625
19 0.659375 0.28125 0.10520833333333333 0.121875
12 0.8333333333333334 0.275 0.128125 0.146875