18 0.2552083333333333 0.709375 0.17708333333333334 0.17083333333333334
20 0.4979166666666667 0.78125 0.17916666666666667 0.15833333333333333
10 0.7166666666666667 0.7625 0.12708333333333333 0.06875
3 0.715625 0.5802083333333333 0.21666666666666667 0.096875
0 0.46458333333333335 0.5895833333333333 0.18541666666666667 0.15416666666666667
5 0.24791666666666667 0.49166666666666664 0.159375 0.13958333333333334
9 0.25104166666666666 0.2947916666666667 0.13958333333333334 0.13229166666666667
19 0.2947916666666667 0.121875 0.096875 0.08645833333333333
2 0.46458333333333335 0.24270833333333333 0.21770833333333334 0.090625
7 0.7 0.3614583333333333 0.215625 0.16041666666666668
13 0.48020833333333335 0.37395833333333334 0.15416666666666667 0.10833333333333334
11 0.4395833333333333 0.09375 0.14166666666666666 0.08333333333333333
17 0.7 0.14166666666666666 0.2 0.16979166666666667