12 0.275 0.74375 0.17083333333333334 0.103125
6 0.5760416666666667 0.7541666666666667 0.1375 0.140625
1 0.8354166666666667 0.934375 0.21145833333333333 0.11875
14 0.8125 0.7614583333333333 0.20104166666666667 0.09270833333333334
17 0.796875 0.5354166666666667 0.27291666666666664 0.20833333333333334
11 0.4625 0.578125 0.17291666666666666 0.09583333333333334
19 0.2760416666666667 0.5541666666666667 0.14270833333333333 0.10625
9 0.23020833333333332 0.33541666666666664 0.184375 0.18645833333333334
5 0.23645833333333333 0.10416666666666667 0.19583333333333333 0.18333333333333332
2 0.490625 0.4 0.28020833333333334 0.1125
13 0.48541666666666666 0.1875 0.178125 0.12083333333333333
7 0.7916666666666666 0.25104166666666666 0.2760416666666667 0.22708333333333333