7 0.6385416666666667 0.190625 0.19375 0.19895833333333332
5 0.5479166666666667 0.6333333333333333 0.15416666666666667 0.15416666666666667
4 0.39791666666666664 0.43020833333333336 0.21145833333333333 0.18125
20 0.6302083333333334 0.425 0.178125 0.20104166666666667
6 0.8875 0.15104166666666666 0.17395833333333333 0.18125
1 0.7208333333333333 0.61875 0.06979166666666667 0.14583333333333334
14 0.4395833333333333 0.19166666666666668 0.08645833333333333 0.18645833333333334
12 0.946875 0.38125 0.10520833333333333 0.15208333333333332
18 0.2635416666666667 0.20625 0.1875 0.20104166666666667
9 0.14583333333333334 0.4322916666666667 0.17395833333333333 0.16979166666666667
0 0.88125 0.6291666666666667 0.17916666666666667 0.228125
19 0.8104166666666667 0.3875 0.08125 0.11041666666666666
13 0.2604166666666667 0.6479166666666667 0.11145833333333334 0.18333333333333332