5 0.7614583333333333 0.70625 0.165625 0.16145833333333334
9 0.5604166666666667 0.6989583333333333 0.13541666666666666 0.14583333333333334
19 0.375 0.6479166666666667 0.09166666666666666 0.09791666666666667
12 0.22708333333333333 0.6479166666666667 0.12083333333333333 0.128125
15 0.07604166666666666 0.6541666666666667 0.15208333333333332 0.16770833333333332
6 0.23958333333333334 0.403125 0.128125 0.11875
11 0.3572916666666667 0.5 0.07604166666666666 0.14375
2 0.503125 0.48333333333333334 0.08125 0.22395833333333334
13 0.6875 0.49166666666666664 0.09791666666666667 0.16979166666666667
0 0.86875 0.471875 0.17395833333333333 0.23125
1 0.08958333333333333 0.209375 0.07291666666666667 0.1625
14 0.225 0.21770833333333334 0.07291666666666667 0.16041666666666668
17 0.4114583333333333 0.23020833333333332 0.178125 0.20729166666666668
7 0.6458333333333334 0.228125 0.15104166666666666 0.20416666666666666
3 0.8677083333333333 0.21666666666666667 0.084375 0.21458333333333332