10 0.17291666666666666 0.21458333333333332 0.08958333333333333 0.15416666666666667
3 0.31666666666666665 0.20416666666666666 0.09895833333333333 0.24375
7 0.5510416666666667 0.221875 0.20625 0.19375
17 0.78125 0.225 0.15520833333333334 0.203125
6 0.9489583333333333 0.39895833333333336 0.10104166666666667 0.10416666666666667
11 0.834375 0.490625 0.075 0.13333333333333333
2 0.70625 0.47291666666666665 0.075 0.22604166666666667
13 0.5177083333333333 0.4864583333333333 0.10208333333333333 0.146875
0 0.33125 0.4666666666666667 0.1875 0.234375
20 0.12291666666666666 0.44583333333333336 0.16875 0.18541666666666667
19 0.8197916666666667 0.646875 0.06666666666666667 0.10520833333333333
12 0.9520833333333333 0.6447916666666667 0.09583333333333334 0.13958333333333334
9 0.65 0.6916666666666667 0.17395833333333333 0.16979166666666667
5 0.440625 0.7010416666666667 0.13229166666666667 0.165625
18 0.209375 0.7 0.175 0.196875