12 0.7041666666666667 0.08125 0.14166666666666666 0.11875
19 0.7 0.24270833333333333 0.10520833333333333 0.1
9 0.7364583333333333 0.4395833333333333 0.16458333333333333 0.16666666666666666
5 0.7291666666666666 0.6479166666666667 0.165625 0.15
2 0.5104166666666666 0.36770833333333336 0.246875 0.11458333333333333
13 0.5052083333333334 0.5604166666666667 0.17916666666666667 0.10729166666666666
0 0.475 0.74375 0.23645833333333333 0.19895833333333332
11 0.5333333333333333 0.21145833333333333 0.153125 0.09166666666666666
18 0.7135416666666666 0.8947916666666667 0.2 0.17916666666666667
10 0.2 0.878125 0.16354166666666667 0.075
3 0.20208333333333334 0.7270833333333333 0.25104166666666666 0.090625
7 0.22604166666666667 0.5 0.209375 0.240625
17 0.240625 0.22708333333333333 0.225 0.19375
6 0.43125 0.06666666666666667 0.12604166666666666 0.13020833333333334
14 0.22708333333333333 0.0375 0.16979166666666667 0.075