6 0.23958333333333334 0.8364583333333333 0.12291666666666666 0.12083333333333333
0 0.475 0.8052083333333333 0.21354166666666666 0.14583333333333334
18 0.5166666666666667 0.60625 0.16145833333333334 0.15416666666666667
8 0.278125 0.6427083333333333 0.16145833333333334 0.1375
12 0.28020833333333334 0.4875 0.159375 0.103125
14 0.2916666666666667 0.3229166666666667 0.15416666666666667 0.08541666666666667
11 0.46770833333333334 0.4083333333333333 0.052083333333333336 0.19583333333333333
19 0.5510416666666667 0.44895833333333335 0.057291666666666664 0.11875
9 0.47708333333333336 0.24479166666666666 0.13020833333333334 0.121875
10 0.5822916666666667 0.2708333333333333 0.042708333333333334 0.16354166666666667
3 0.28854166666666664 0.14375 0.22916666666666666 0.13645833333333332
1 0.5010416666666667 0.07604166666666666 0.128125 0.08020833333333334