10 0.49583333333333335 0.9708333333333333 0.14791666666666667 0.053125
6 0.4625 0.8635416666666667 0.103125 0.16770833333333332
3 0.6947916666666667 0.8760416666666667 0.265625 0.084375
14 0.6895833333333333 0.7802083333333333 0.159375 0.103125
15 0.6708333333333333 0.609375 0.2 0.19270833333333334
1 0.4635416666666667 0.7364583333333333 0.15104166666666666 0.078125
20 0.44166666666666665 0.5875 0.209375 0.17083333333333334
19 0.36354166666666665 0.36666666666666664 0.11458333333333333 0.1
13 0.46770833333333334 0.3770833333333333 0.06458333333333334 0.22291666666666668
11 0.6916666666666667 0.43020833333333336 0.16875 0.096875
17 0.6614583333333334 0.23229166666666667 0.23645833333333333 0.20520833333333333
2 0.6625 0.04583333333333333 0.28541666666666665 0.09166666666666666