7 0.20104166666666667 0.48541666666666666 0.25 0.2520833333333333
5 0.7447916666666666 0.634375 0.20416666666666666 0.19270833333333334
4 0.47708333333333336 0.8145833333333333 0.22395833333333334 0.278125
20 0.478125 0.5052083333333334 0.22916666666666666 0.22083333333333333
6 0.17604166666666668 0.159375 0.171875 0.15729166666666666
1 0.734375 0.4197916666666667 0.184375 0.10625
14 0.17604166666666668 0.7447916666666666 0.22395833333333334 0.10625
12 0.4625 0.12083333333333333 0.178125 0.12708333333333333
18 0.190625 0.9145833333333333 0.27708333333333335 0.17083333333333334
0 0.7510416666666667 0.228125 0.275 0.22083333333333333
19 0.459375 0.303125 0.12708333333333333 0.12916666666666668