15 0.17708333333333334 0.25833333333333336 0.20729166666666668 0.19375
6 0.68125 0.259375 0.159375 0.15104166666666666
2 0.21354166666666666 0.7510416666666667 0.128125 0.2625
10 0.4666666666666667 0.4979166666666667 0.08541666666666667 0.15833333333333333
8 0.28229166666666666 0.5208333333333334 0.17916666666666667 0.17395833333333333
3 0.5166666666666667 0.246875 0.115625 0.2708333333333333
1 0.9125 0.7583333333333333 0.09791666666666667 0.175
12 0.634375 0.5083333333333333 0.11458333333333333 0.15729166666666666
0 0.6989583333333333 0.7791666666666667 0.17083333333333334 0.27395833333333336
11 0.35625 0.246875 0.12604166666666666 0.19166666666666668
19 0.8114583333333333 0.5041666666666667 0.10625 0.12083333333333333
17 0.45208333333333334 0.75625 0.23333333333333334 0.253125