19 0.74375 0.8625 0.15520833333333334 0.09583333333333334
13 0.6 0.8625 0.134375 0.20729166666666668
11 0.27291666666666664 0.7958333333333333 0.27708333333333335 0.075
20 0.653125 0.671875 0.275 0.13854166666666667
15 0.3302083333333333 0.6177083333333333 0.2864583333333333 0.14166666666666666
1 0.6385416666666667 0.5375 0.22083333333333333 0.06145833333333333
14 0.33229166666666665 0.4864583333333333 0.21666666666666667 0.06770833333333333
3 0.31979166666666664 0.409375 0.378125 0.06041666666666667
6 0.6427083333333333 0.4322916666666667 0.16145833333333334 0.08333333333333333
10 0.609375 0.35208333333333336 0.20104166666666667 0.04479166666666667
9 0.325 0.26145833333333335 0.22395833333333334 0.09583333333333334
7 0.34270833333333334 0.11458333333333333 0.34479166666666666 0.14270833333333333