13 0.225 0.6572916666666667 0.09375 0.275
20 0.20520833333333333 0.303125 0.14791666666666667 0.3729166666666667
3 0.38125 0.28958333333333336 0.08854166666666667 0.4166666666666667
14 0.4895833333333333 0.290625 0.08229166666666667 0.265625
5 0.6614583333333334 0.29375 0.13229166666666667 0.309375
2 0.9041666666666667 0.315625 0.12291666666666666 0.46770833333333334
11 0.8947916666666667 0.646875 0.20729166666666668 0.13958333333333334
19 0.9083333333333333 0.8197916666666667 0.14791666666666667 0.12604166666666666
9 0.7114583333333333 0.66875 0.14479166666666668 0.24166666666666667
1 0.5135416666666667 0.6697916666666667 0.0625 0.2552083333333333
15 0.36770833333333336 0.6979166666666666 0.140625 0.2625
10 0.7166666666666667 0.8572916666666667 0.171875 0.12291666666666666