13 0.7020833333333333 0.5083333333333333 0.09479166666666666 0.15416666666666667
2 0.840625 0.5072916666666667 0.1 0.228125
0 0.5041666666666667 0.5125 0.17083333333333334 0.21145833333333333
20 0.29583333333333334 0.5239583333333333 0.14479166666666668 0.16666666666666666
10 0.30104166666666665 0.7645833333333333 0.08958333333333333 0.16041666666666668
3 0.50625 0.7708333333333334 0.07916666666666666 0.253125
7 0.73125 0.759375 0.19791666666666666 0.20520833333333333
17 0.9375 0.7489583333333333 0.12395833333333334 0.23333333333333334
19 0.9364583333333333 0.3458333333333333 0.09479166666666666 0.09583333333333334
9 0.7854166666666667 0.30520833333333336 0.165625 0.13229166666666667
5 0.5958333333333333 0.30625 0.134375 0.15
18 0.37916666666666665 0.30520833333333336 0.15833333333333333 0.153125