19 0.35208333333333336 0.6822916666666666 0.08229166666666667 0.12916666666666668
11 0.3020833333333333 0.815625 0.059375 0.18229166666666666
10 0.24270833333333333 0.790625 0.04479166666666667 0.15833333333333333
3 0.21145833333333333 0.5197916666666667 0.05520833333333333 0.3145833333333333
0 0.41875 0.3875 0.11458333333333333 0.28020833333333334
7 0.47604166666666664 0.7 0.125 0.24166666666666667
18 0.5739583333333333 0.4 0.11458333333333333 0.2635416666666667
12 0.70625 0.39166666666666666 0.075 0.178125
6 0.8166666666666667 0.415625 0.090625 0.146875
8 0.7979166666666667 0.6895833333333333 0.11041666666666666 0.22291666666666668
9 0.6541666666666667 0.6614583333333334 0.11458333333333333 0.19895833333333332