9 0.5635416666666667 0.034375 0.13854166666666667 0.06875
10 0.45625 0.053125 0.04479166666666667 0.10520833333333333
11 0.5645833333333333 0.16458333333333333 0.03854166666666667 0.20520833333333333
19 0.4791666666666667 0.20104166666666667 0.05416666666666667 0.13333333333333333
14 0.740625 0.08645833333333333 0.14791666666666667 0.09270833333333334
12 0.7479166666666667 0.23645833333333333 0.15416666666666667 0.11666666666666667
18 0.5052083333333334 0.3645833333333333 0.16666666666666666 0.15104166666666666
8 0.7375 0.3927083333333333 0.14895833333333333 0.13958333333333334
0 0.5354166666666667 0.55625 0.196875 0.11875
6 0.7604166666666666 0.5947916666666667 0.096875 0.10625
7 0.5114583333333333 0.7572916666666667 0.16666666666666666 0.184375
17 0.7458333333333333 0.7760416666666666 0.20833333333333334 0.14583333333333334