5 0.7104166666666667 0.9104166666666667 0.22395833333333334 0.17708333333333334
9 0.45208333333333334 0.8541666666666666 0.16666666666666666 0.16354166666666667
10 0.30104166666666665 0.8333333333333334 0.06041666666666667 0.209375
19 0.32395833333333335 0.5989583333333334 0.09270833333333334 0.17916666666666667
11 0.4479166666666667 0.6145833333333334 0.06979166666666667 0.2375
2 0.6927083333333334 0.61875 0.33958333333333335 0.14270833333333333
12 0.6927083333333334 0.4791666666666667 0.18333333333333332 0.134375
8 0.665625 0.284375 0.21354166666666666 0.20833333333333334
18 0.36770833333333336 0.36875 0.22395833333333334 0.2375
0 0.403125 0.11041666666666666 0.271875 0.21979166666666666
6 0.6760416666666667 0.058333333333333334 0.165625 0.11666666666666667