5 0.171875 0.653125 0.140625 0.24791666666666667
8 0.153125 0.2947916666666667 0.14791666666666667 0.2791666666666667
12 0.33125 0.2791666666666667 0.09479166666666666 0.24479166666666666
0 0.38333333333333336 0.6125 0.11979166666666667 0.28854166666666664
18 0.5572916666666666 0.6645833333333333 0.14895833333333333 0.24479166666666666
2 0.49270833333333336 0.31979166666666664 0.07291666666666667 0.4010416666666667
17 0.6520833333333333 0.30625 0.1875 0.3416666666666667
13 0.75625 0.5979166666666667 0.19791666666666666 0.11145833333333334
19 0.7395833333333334 0.7416666666666667 0.08229166666666667 0.146875
11 0.8239583333333333 0.2625 0.10104166666666667 0.275
20 0.921875 0.61875 0.15625 0.29270833333333335