6 0.7604166666666666 0.16354166666666667 0.12291666666666666 0.12083333333333333
0 0.525 0.19479166666666667 0.21354166666666666 0.14583333333333334
18 0.48333333333333334 0.39375 0.16145833333333334 0.15416666666666667
8 0.721875 0.3572916666666667 0.16145833333333334 0.1375
12 0.7197916666666667 0.5125 0.159375 0.103125
14 0.7083333333333334 0.6770833333333334 0.15416666666666667 0.08541666666666667
11 0.5322916666666667 0.5916666666666667 0.052083333333333336 0.19583333333333333
19 0.44895833333333335 0.5510416666666667 0.057291666666666664 0.11875
9 0.5229166666666667 0.7552083333333334 0.13020833333333334 0.121875
10 0.41770833333333335 0.7291666666666666 0.042708333333333334 0.16354166666666667
3 0.7114583333333333 0.85625 0.22916666666666666 0.13645833333333332
1 0.49895833333333334 0.9239583333333333 0.128125 0.08020833333333334