7 0.521875 0.60625 0.09166666666666666 0.09479166666666666
5 0.4166666666666667 0.4947916666666667 0.07395833333333333 0.07291666666666667
15 0.7739583333333333 0.7197916666666667 0.09479166666666666 0.1
4 0.6427083333333333 0.6177083333333333 0.10104166666666667 0.08854166666666667
20 0.41041666666666665 0.596875 0.08854166666666667 0.08958333333333333
6 0.5364583333333334 0.7135416666666666 0.07395833333333333 0.08541666666666667
2 0.240625 0.6916666666666667 0.058333333333333334 0.13125
10 0.29375 0.509375 0.040625 0.075
8 0.7572916666666667 0.6166666666666667 0.078125 0.090625
3 0.31875 0.6947916666666667 0.04479166666666667 0.11875
1 0.33958333333333335 0.5125 0.03229166666666667 0.07708333333333334
14 0.6166666666666667 0.7177083333333333 0.071875 0.090625
12 0.45416666666666666 0.7135416666666666 0.0625 0.084375
18 0.7375 0.515625 0.08333333333333333 0.09479166666666666
9 0.2760416666666667 0.5854166666666667 0.071875 0.08541666666666667
0 0.5239583333333333 0.5010416666666667 0.06458333333333334 0.10416666666666667
11 0.6854166666666667 0.725 0.04895833333333333 0.09479166666666666
19 0.3854166666666667 0.7072916666666667 0.057291666666666664 0.06458333333333334
17 0.625 0.5041666666666667 0.09791666666666667 0.10208333333333333
13 0.2375 0.49895833333333334 0.046875 0.07708333333333334