10 0.5927083333333333 0.13125 0.21041666666666667 0.05520833333333333
3 0.296875 0.17916666666666667 0.359375 0.07395833333333333
14 0.3125 0.2604166666666667 0.259375 0.06979166666666667
15 0.32395833333333335 0.39375 0.28229166666666666 0.1125
11 0.26145833333333335 0.5645833333333333 0.26979166666666665 0.08125
17 0.2760416666666667 0.7302083333333333 0.3229166666666667 0.16875
2 0.259375 0.89375 0.421875 0.12395833333333334
13 0.5770833333333333 0.6145833333333334 0.134375 0.18229166666666666
19 0.7270833333333333 0.63125 0.16458333333333333 0.09479166666666666
20 0.6260416666666667 0.4583333333333333 0.27395833333333336 0.12083333333333333
1 0.615625 0.32083333333333336 0.23125 0.051041666666666666
6 0.6291666666666667 0.228125 0.17395833333333333 0.11666666666666667