20 0.4708333333333333 0.8041666666666667 0.2 0.18645833333333334
10 0.7104166666666667 0.79375 0.14479166666666668 0.071875
3 0.7229166666666667 0.5833333333333334 0.2677083333333333 0.10833333333333334
7 0.7052083333333333 0.3416666666666667 0.2635416666666667 0.21354166666666666
13 0.42083333333333334 0.4 0.190625 0.09270833333333334
0 0.44583333333333336 0.5875 0.259375 0.20729166666666668
2 0.4239583333333333 0.19791666666666666 0.2708333333333333 0.10625
11 0.38958333333333334 0.096875 0.16979166666666667 0.08333333333333333
9 0.17395833333333333 0.25625 0.18645833333333334 0.17708333333333334
5 0.18333333333333332 0.48125 0.19895833333333332 0.17708333333333334
18 0.19895833333333332 0.7260416666666667 0.19166666666666668 0.18854166666666666