13 0.18854166666666666 0.7010416666666667 0.2552083333333333 0.11666666666666667
3 0.71875 0.340625 0.115625 0.446875
9 0.890625 0.290625 0.14166666666666666 0.29270833333333335
10 0.9479166666666666 0.690625 0.103125 0.2635416666666667
19 0.1875 0.8760416666666667 0.11041666666666666 0.20625
12 0.08333333333333333 0.30520833333333336 0.12083333333333333 0.26875
1 0.5666666666666667 0.725 0.08854166666666667 0.271875
20 0.4010416666666667 0.765625 0.159375 0.29583333333333334
6 0.6989583333333333 0.734375 0.125 0.21041666666666667
14 0.6229166666666667 0.34375 0.07395833333333333 0.259375
11 0.540625 0.334375 0.08333333333333333 0.2833333333333333
15 0.25 0.328125 0.18229166666666666 0.30625