15 0.49375 0.5979166666666667 0.13958333333333334 0.13125
20 0.26666666666666666 0.7625 0.18854166666666666 0.146875
1 0.471875 0.45208333333333334 0.15208333333333332 0.059375
5 0.27395833333333336 0.509375 0.16979166666666667 0.13958333333333334
3 0.2604166666666667 0.34479166666666666 0.225 0.071875
10 0.565625 0.2604166666666667 0.028125 0.14375
9 0.45729166666666665 0.2708333333333333 0.1375 0.1375
14 0.26875 0.16458333333333333 0.14791666666666667 0.1125
11 0.44479166666666664 0.10416666666666667 0.057291666666666664 0.178125
19 0.5322916666666667 0.10208333333333333 0.05520833333333333 0.11875
12 0.26979166666666665 0.03854166666666667 0.15104166666666666 0.07708333333333334