7 0.6989583333333333 0.7895833333333333 0.2708333333333333 0.246875
5 0.846875 0.24895833333333334 0.228125 0.228125
20 0.7208333333333333 0.5052083333333334 0.21666666666666667 0.17916666666666667
6 0.3729166666666667 0.8177083333333334 0.18333333333333332 0.16666666666666666
10 0.11666666666666667 0.5270833333333333 0.13229166666666667 0.17916666666666667
3 0.13645833333333332 0.8125 0.15104166666666666 0.325
1 0.6364583333333333 0.23854166666666668 0.109375 0.18645833333333334
14 0.9489583333333333 0.81875 0.10104166666666667 0.240625
12 0.32083333333333336 0.515625 0.13229166666666667 0.17604166666666668
0 0.415625 0.22604166666666667 0.19791666666666666 0.28229166666666666
19 0.496875 0.5291666666666667 0.125 0.15625
17 0.14791666666666667 0.23854166666666668 0.29583333333333334 0.27395833333333336