7 0.28125 0.46458333333333335 0.26145833333333335 0.2708333333333333
5 0.04791666666666667 0.203125 0.09479166666666666 0.19166666666666668
4 0.63125 0.47604166666666664 0.30416666666666664 0.21145833333333333
6 0.3145833333333333 0.796875 0.25 0.24375
8 0.9083333333333333 0.48125 0.18229166666666666 0.215625
14 0.5625 0.790625 0.1875 0.2625
12 0.06875 0.7791666666666667 0.1375 0.24895833333333334
18 0.865625 0.2635416666666667 0.18854166666666666 0.18125
0 0.32395833333333335 0.215625 0.19166666666666668 0.23854166666666668
11 0.7791666666666667 0.784375 0.16145833333333334 0.271875
17 0.584375 0.2375 0.21041666666666667 0.20104166666666667