10 0.240625 0.6385416666666667 0.078125 0.21666666666666667
7 0.11041666666666666 0.284375 0.15520833333333334 0.3260416666666667
9 0.29270833333333335 0.29270833333333335 0.115625 0.2625
3 0.453125 0.334375 0.0875 0.38958333333333334
14 0.5416666666666666 0.31875 0.06041666666666667 0.24166666666666667
6 0.45416666666666666 0.6760416666666667 0.10625 0.19791666666666666
1 0.575 0.6791666666666667 0.06145833333333333 0.21354166666666666
11 0.6166666666666667 0.31145833333333334 0.06458333333333334 0.24166666666666667
20 0.7177083333333333 0.7083333333333334 0.140625 0.2604166666666667
19 0.9104166666666667 0.8114583333333333 0.09895833333333333 0.17604166666666668
13 0.9020833333333333 0.6520833333333333 0.19583333333333333 0.115625
15 0.8760416666666667 0.31875 0.18333333333333332 0.3260416666666667