3 0.47291666666666665 0.728125 0.06354166666666666 0.3375
9 0.3572916666666667 0.778125 0.115625 0.26145833333333335
14 0.5479166666666667 0.7385416666666667 0.06666666666666667 0.22083333333333333
10 0.28541666666666665 0.4947916666666667 0.078125 0.19375
19 0.840625 0.3145833333333333 0.08125 0.134375
20 0.6885416666666667 0.40520833333333334 0.11770833333333333 0.29375
1 0.5614583333333333 0.4427083333333333 0.052083333333333336 0.22708333333333333
6 0.46770833333333334 0.440625 0.090625 0.175
11 0.6145833333333334 0.7427083333333333 0.07604166666666666 0.225
7 0.21145833333333333 0.78125 0.146875 0.2833333333333333
15 0.8135416666666667 0.7197916666666667 0.15208333333333332 0.2375
13 0.8385416666666666 0.440625 0.18541666666666667 0.08229166666666667
12 0.9427083333333334 0.7333333333333333 0.08229166666666667 0.196875