18 0.715625 0.6916666666666667 0.15 0.2760416666666667
20 0.778125 0.290625 0.12708333333333333 0.2791666666666667
0 0.603125 0.34270833333333334 0.15729166666666666 0.3333333333333333
13 0.44583333333333336 0.37916666666666665 0.090625 0.24583333333333332
2 0.28125 0.3614583333333333 0.078125 0.36875
11 0.15 0.4041666666666667 0.06875 0.21770833333333334
6 0.04583333333333333 0.24791666666666667 0.09166666666666666 0.19166666666666668
12 0.05 0.653125 0.09895833333333333 0.20416666666666666
19 0.18125 0.64375 0.075 0.17291666666666666
9 0.3385416666666667 0.7083333333333334 0.14270833333333333 0.25104166666666666
5 0.5197916666666667 0.7041666666666667 0.13645833333333332 0.25416666666666665