0 0.5354166666666667 0.6833333333333333 0.22916666666666666 0.17604166666666668
19 0.3416666666666667 0.196875 0.11979166666666667 0.09583333333333334
5 0.29270833333333335 0.5875 0.14895833333333333 0.14479166666666668
9 0.29375 0.38125 0.16145833333333334 0.14895833333333333
13 0.5333333333333333 0.47708333333333336 0.17083333333333334 0.128125
2 0.525 0.34375 0.24479166666666666 0.09375
7 0.7770833333333333 0.4625 0.22083333333333333 0.20104166666666667
11 0.496875 0.1625 0.16145833333333334 0.09583333333333334
17 0.771875 0.22083333333333333 0.23333333333333334 0.19583333333333333
6 0.5958333333333333 0.053125 0.12604166666666666 0.10104166666666667
3 0.790625 0.684375 0.23541666666666666 0.09375
10 0.7822916666666667 0.875 0.14479166666666668 0.08020833333333334
18 0.30625 0.8083333333333333 0.16770833333333332 0.16666666666666666
20 0.5520833333333334 0.8864583333333333 0.17916666666666667 0.14791666666666667
12 0.33229166666666665 0.04479166666666667 0.15416666666666667 0.08125