15 0.12604166666666666 0.196875 0.25104166666666666 0.20625
6 0.740625 0.184375 0.2 0.17604166666666668
2 0.23229166666666667 0.7510416666666667 0.16041666666666668 0.29583333333333334
10 0.49583333333333335 0.4583333333333333 0.11145833333333334 0.17708333333333334
8 0.29375 0.49895833333333334 0.21354166666666666 0.1875
3 0.540625 0.17604166666666668 0.15833333333333333 0.31354166666666666
1 0.9708333333333333 0.7333333333333333 0.058333333333333334 0.19375
12 0.6875 0.45625 0.13229166666666667 0.18958333333333333
0 0.7677083333333333 0.7520833333333333 0.19166666666666668 0.29583333333333334
11 0.359375 0.159375 0.125 0.21354166666666666
19 0.8791666666666667 0.459375 0.12916666666666668 0.13125
17 0.49375 0.7427083333333333 0.253125 0.296875