7 0.540625 0.5322916666666667 0.12291666666666666 0.24375
5 0.37083333333333335 0.21041666666666667 0.11875 0.21041666666666667
15 0.9239583333333333 0.8552083333333333 0.15208333333333332 0.25833333333333336
4 0.734375 0.5604166666666667 0.153125 0.22083333333333333
20 0.353125 0.5 0.12291666666666666 0.275
6 0.5489583333333333 0.8302083333333333 0.11041666666666666 0.19166666666666668
2 0.075 0.753125 0.08229166666666667 0.37083333333333335
10 0.15729166666666666 0.22604166666666667 0.05416666666666667 0.17916666666666667
8 0.909375 0.5604166666666667 0.13854166666666667 0.228125
3 0.203125 0.7635416666666667 0.084375 0.34791666666666665
1 0.240625 0.24583333333333332 0.07291666666666667 0.209375
14 0.6625 0.8489583333333334 0.065625 0.22604166666666667
12 0.4270833333333333 0.815625 0.08541666666666667 0.21145833333333333
18 0.8947916666666667 0.2864583333333333 0.11979166666666667 0.2375
9 0.13229166666666667 0.4395833333333333 0.11770833333333333 0.21145833333333333
0 0.5489583333333333 0.215625 0.11666666666666667 0.26458333333333334
11 0.753125 0.853125 0.0875 0.24583333333333332
19 0.3177083333333333 0.8125 0.06979166666666667 0.16770833333333332
17 0.715625 0.2552083333333333 0.14479166666666668 0.30104166666666665
13 0.07395833333333333 0.19895833333333332 0.08333333333333333 0.20520833333333333